Serial Number - 1
Age - 20
Medical Condition - Problem in breathing 
Time of Day - 1:45 PM
BP - 122/82


0
77
474
475
477
479
480
483
487
491
498
502
509
515
521
524
529
536
541
546
548
554
557
557
561
562
7
477
474
475
477
479
480
483
487
491
498
502
509
515
521
524
529
536
541
546
548
554
557
557
561
562
0
499
465
439
427
419
415
418
427
431
440
445
454
461
470
474
480
482
488
489
492
488
487
486
485
484
483
485
486
485
484
487
484
488
486
485
483
486
486
492
494
501
503
508
515
521
523
530
530
538
537
539
540
543
538
542
540
544
541
542
539
537
535
536
531
531
526
524
522
520
515
512
512
511
507
505
504
504
504
502
505
499
501
494
499
492
496
493
495
490
489
488
492
488
491
489
492
491
492
487
490
485
491
487
490
489
491
489
483
485
482
483
479
484
482
481
485
490
490
493
488
490
488
491
493
498
495
496
491
491
488
486
487
487
487
492
493
494
495
502
504
511
514
518
517
521
520
527
527
532
529
537
536
533
532
531
533
532
532
529
532
528
530
522
525
518
519
515
515
520
519
515
515
512
518
512
517
517
520
519
515
509
510
505
507
501
502
499
499
495
497
494
495
493
496
491
489
488
488
490
488
489
492
497
497
497
498
498
501
497
497
500
494
496
491
493
490
491
487
493
489
488
486
491
486
492
492
500
499
506
509
517
521
527
532
540
539
545
549
552
551
552
552
549
548
549
549
547
549
549
554
550
550
547
551
544
542
536
535
533
533
527
527
522
521
520
523
520
517
517
515
513
521
512
515
514
514
512
510
505
502
499
499
494
491
487
489
487
485
486
491
488
490
492
491
495
491
497
492
495
491
494
493
490
489
489
487
490
487
488
488
492
487
487
485
487
482
483
484
489
489
494
502
510
512
520
524
526
531
541
545
554
557
563
566
572
574
574
581
577
582
578
578
573
570
563
560
554
553
547
542
536
536
528
528
524
525
522
522
518
520
517
517
515
519
519
521
518
520
515
511
508
504
499
494
493
492
492
493
491
491
493
492
493
492
494
495
496
491
495
490
492
490
489
483
486
484
488
486
488
485
487
486
488
485
485
482
483
481
486
482
485
483
489
491
495
500
507
514
520
525
534
541
551
564
563
575
578
584
586
589
587
588
583
585
582
583
578
578
566
565
558
550
544
540
532
536
531
528
524
523
524
526
520
524
521
523
519
519
515
512
508
510
510
510
510
508
510
503
506
503
501
496
494
491
494
493
491
487
488
482
485
482
484
481
482
480
481
481
480
478
480
478
477
475
475
473
477
479
485
486
495
503
514
517
523
531
539
549
555
563
571
576
581
586
590
590
591
590
583
584
580
573
569
565
557
555
543
544
538
537
535
533
530
529
525
528
523
527
521
522
517
518
513
518
509
515
514
512
509
507
499
497
496
497
499
495
495
495
497
491
493
491
491
490
489
483
487
488
487
484
486
484
490
485
497
499
513
518
533
539
553
560
573
578
585
589
595
597
601
599
601
599
595
589
586
579
576
572
570
563
558
559
549
549
542
545
541
540
533
533
530
528
523
523
520
522
514
514
510
511
506
503
500
502
500
500
500
502
500
503
498
499
496
492
489
486
482
480
481
479
482
482
485
484
483
483
484
479
482
478
484
482
491
499
512
517
527
534
553
563
574
586
596
602
610
616
617
614
625
618
624
622
620
610
611
602
598
590
574
569
562
554
548
540
536
536
536
536
535
534
529
528
524
524
521
523
516
515
511
514
512
511
508
508
499
494
494
494
487
490
480
486
482
484
478
477
475
475
473
474
471
470
469
467
471
471
468
466
465
471
471
469
470
471
469
467
470
470
475
478
487
492
508
516
529
538
555
565
578
583
596
599
608
611
615
619
622
620
620
617
615
607
607
599
592
583
571
565
555
549
541
539
535
537
529
531
529
527
525
524
517
520
509
512
510
515
508
509
504
504
497
497
490
491
488
487
481
483
476
477
473
474
474
473
474
475
472
476
471
469
468
468
469
467
465
465
469
464
469
472
473
473
475
474
475
470
471
468
469
473
476
476
482
489
503
508
521
532
542
551
565
571
583
586
595
599
606
606
608
607
610
608
610
601
597
590
582
571
564
552
548
541
535
534
531
529
524
527
520
522
517
520
515
515
507
513
507
508
504
505
497
498
494
494
486
487
482
485
479
477
475
478
474
475
474
475
471
473
467
468
466
464
466
465
464
462
466
465
469
467
470
471
470
469
470
465
468
468
467
463
467
463
464
463
462
464
468
472
485
482
491
501
515
525
541
547
561
568
581
585
588
591
599
601
595
598
597
594
589
587
583
575
567
564
558
551
541
539
531
528
524
520
515
516
513
512
512
515
512
514
510
508
504
505
498
499
489
488
479
482
478
476
474
473
471
471
469
469
467
467
464
468
467
467
468
468
470
471
471
470
472
469
470
465
470
465
468
468
469
465
468
464
461
457
463
461
465
463
464
463
465
463
465
461
466
467
475
478
490
497
507
515
527
536
544
556
566
571
569
575
578
589
587
588
589
588
584
584
577
576
569
565
558
555
545
540
531
531
527
521
513
514
512
513
509
506
504
506
504
503
497
496
495
495
488
485
481
481
478
476
478
476
477
477
480
478
480
478
482
481
480
476
479
479
479
475
476
474
474
471
473
471
475
469
471
468
470
468
469
466
469
469
469
467
469
466
467
464
467
464
464
466
471
475
481
490
500
508
516
530
537
547
551
562
564
568
564
570
571
573
571
567
565
563
555
553
546
542
535
535
523
523
518
519
514
518
515
516
515
521
518
520
515
513
508
504
501
494
488
486
487
485
490
487
487
486
486
482
484
479
481
474
474
473
473
471
470
473
475
474
476
476
475
475
478
473
476
471
476
473
473
471
470
469
471
470
471
469
470
466
466
465
463
464
467
470
477
480
487
500
511
524
531
541
546
558
559
568
569
577
576
579
580
584
579
582
578
581
573
571
562
561
551
549
538
535
526
528
522
519
516
517
513
514
513
512
514
512
513
511
508
503
507
503
498
501
497
495
489
486
487
483
484
478
481
479
480
478
477
474
477
476
478
475
475
473
475
472
477
475
475
472
476
474
478
472
478
472
468
469
467
470
470
468
470
469
467
471
472
477
478
483
488
499
503
511
519
529
538
556
558
568
575
582
583
588
586
589
589
591
587
588
581
582
577
573
563
557
552
550
539
535
533
529
520
519
513
511
509
506
512
508
507
505
506
504
505
500
500
499
500
493
496
496
497
489
489
486
492
489
495
489
488
486
489
483
486
480
479
480
478
477
480
473
480
475
470
470
469
471
470
472
470
475
477
477
480
478
476
476
475
476
474
479
480
484
484
494
498
512
514
528
537
548
553
563
575
583
586
592
591
598
598
600
596
598
589
588
584
580
572
561
555
552
545
539
533
528
529
525
528
524
524
519
527
521
520
518
519
510
517
513
517
512
509
501
503
498
496
488
487
489
489
483
481
478
481
479
478
476
478
481
482
478
477
474
474
473
473
474
475
472
476
479
478
481
478
483
482
483
479
480
482
484
485
496
498
512
518
530
535
551
558
570
575
578
582
590
587
592
592
592
590
589
584
581
575
570
562
552
543
537
532
529
528
529
526
525
527
527
529
524
529
527
524
517
518
512
516
510
513
509
509
506
505
496
494
488
490
486
486
483
482
478
478
472
476
475
476
477
477
475
474
474
472
476
473
474
474
476
477
482
484
485
487
498
503
516
520
533
542
558
566
575
586
596
603
608
607
611
609
612
609
608
601
603
594
589
581
577
564
560
551
551
547
539
533
535
531
527
522
520
518
516
513
512
515
515
512
513
516
513
513
505
505
502
501
495
491
485
491
486
483
480
480
477
477
475
478
472
479
475
474
473
475
470
477
476
478
476
477
472
470
468
470
468
470
480
488
497
510
525
539
550
566
581
593
609
612
623
627
636
636
641
638
640
638
641
633
633
624
617
604
600
587
585
574
568
557
553
547
543
534
538
531
528
525
520
519
518
514
515
517
512
513
512
512
509
512
505
505
501
497
492
489
482
483
480
478
476
478
475
476
473
474
469
472
469
471
468
472
470
467
466
466
464
468
466
468
466
465
461
459
464
462
462
462
464
462
468
469
471
466
472
472
479
487
504
518
532
544
561
576
592
604
615
623
632
639
641
644
649
647
649
645
646
640
636
630
623
609
602
592
581
570
561
552
547
539
537
534
532
530
529
529
524
523
519
521
516
516
506
509
504
504
501
495
492
492
487
485
481
480
474
477
471
473
470
475
469
469
465
467
467
469
464
464
463
463
462
462
461
461
463
461
461
462
467
464
467
462
463
462
466
463
463
459
464
461
463
461
462
458
466
458
464
463
469
479
490
502
521
536
557
569
585
599
608
612
620
624
627
621
624
621
617
616
614
609
600
598
590
585
573
566
559
554
544
537
528
526
525
522
516
518
518
516
516
516
514
512
510
511
509
510
504
504
497
498
492
490
483
483
478
475
474
468
468
470
472
472
468
469
475
476
480
475
477
476
476
469
474
473
472
471
471
469
469
466
466
460
462
460
461
459
464
464
469
475
491
503
524
537
556
564
583
590
605
612
618
619
622
621
623
623
623
619
613
618
617
610
597
588
576
570
558
550
541
536
531
527
518
519
509
519
517
522
520
518
513
510
506
504
496
496
492
492
484
482
476
478
470
472
463
465
466
460
461
460
460
459
462
463
465
464
468
463
467
466
462
461
461
461
462
459
458
456
461
455
460
455
458
457
459
457
461
456
457
454
459
457
462
466
478
491
507
515
533
548
561
573
587
600
609
618
626
631
636
642
637
640
636
639
631
627
620
613
605
595
582
573
557
552
539
539
530
526
523
524
517
516
510
517
516
518
512
512
509
508
502
500
490
489
489
485
476
475
475
472
471
470
470
469
470
469
470
469
467
465
467
465
464
464
463
459
461
459
459
457
460
459
462
456
459
458
463
458
460
459
460
456
462
460
460
458
460
459
454
455
458
456
460
464
469
484
499
518
533
554
577
589
600
612
618
631
631
634
632
630
629
626
624
620
612
614
604
599
587
582
570
564
550
541
535
529
523
522
516
516
513
513
515
517
518
513
512
508
506
505
500
500
501
499
498
496
494
492
493
485
487
485
487
482
482
477
482
478
481
475
478
476
478
475
472
472
473
468
469
467
469
461
468
465
463
462
465
460
461
460
457
457
454
457
458
459
463
465
468
471
477
487
493
510
516
537
549
563
572
582
586
597
599
601
601
605
598
599
594
594
582
583
577
576
563
556
545
541
531
530
524
523
511
516
518
517
513
512
513
512
514
505
507
503
498
492
489
483
482
479
478
472
475
468
474
471
468
463
467
462
465
459
462
462
459
458
463
465
459
461
461
459
464
458
466
459
457
456
456
460
458
457
456
462
462
467
475
485
489
504
514
529
537
550
563
578
587
593
599
604
606
610
610
615
610
611
606
600
593
590
579
577
564
555
546
542
533
531
523
517
513
515
514
516
513
511
508
509
514
508
509
506
503
499
492
489
486
480
478
473
473
468
469
468
466
465
466
463
464
464
466
463
467
464
467
466
467
467
468
465
466
466
467
459
461
460
462
462
460
458
460
463
469
480
489
507
520
535
544
558
572
587
594
605
609
615
618
621
617
617
613
613
613
611
602
597
586
578
569
562
551
546
536
534
529
525
517
513
513
513
513
514
513
512
509
507
509
503
503
500
497
488
491
483
483
475
475
470
469
462
463
462
464
461
459
459
457
457
457
455
456
452
454
450
454
448
452
450
450
448
446
446
444
447
448
449
454
459
469
484
495
513
527
542
554
570
577
591
597
604
607
611
606
609
607
608
601
598
594
592
583
576
561
556
547
541
534
532
522
521
519
516
513
513
508
515
514
511
507
502
499
498
492
491
490
486
485
483
484
476
478
473
475
469
473
467
468
461
468
464
467
464
467
464
467
465
467
458
460
460
460
457
461
459
466
474
486
496
513
519
530
542
554
568
574
581
590
592
596
600
601
606
598
598
591
588
579
570
561
554
547
541
532
530
522
521
515
516
513
517
513
516
512
514
506
502
499
499
489
493
487
484
482
480
472
470
470
467
465
466
468
467
471
470
472
468
467
469
471
467
470
466
466
466
469
467
472
474
488
498
513
520
538
552
570
580
591
600
608
611
616
617
623
624
627
625
623
615
614
605
596
588
578
571
561
550
545
544
536
537
531
532
529
527
520
523
517
515
509
514
513
515
507
504
501
496
488
488
482
483
478
477
467
469
465
468
467
468
467
471
469
470
463
468
467
466
467
469
470
474
475
481
493
502
519
529
543
558
582
591
608
617
627
634
643
643
646
645
645
643
643
634
635
628
625
610
606
591
586
573
566
558
553
546
545
540
535
529
524
525
523
517
515
511
514
516
515
515
507
511
504
500
492
487
480
481
471
475
470
468
465
466
462
461
458
459
460
463
460
463
459
461
461
465
455
461
460
462
456
461
456
456
456
455
456
461
471
486
506
525
539
553
572
589
608
620
630
638
646
646
650
648
648
646
648
642
639
633
627
614
606
595
591
574
567
557
552
542
536
529
527
522
518
513
511
509
509
507
504
502
498
495
490
485
485
483
478
477
472
472
466
464
461
461
455
455
455
459
455
453
446
447
447
448
444
448
446
448
445
447
446
450
446
447
444
448
445
447
445
442
441
440
441
440
440
440
442
446
449
446
452
448
449
449
451
452
449
445
448
446
451
444
451
447
451
450
458
464
476
488
503
516
538
549
569
580
599
607
619
622
624
624
623
624
620
621
620
617
613
609
603
592
585
580
574
566
556
552
543
538
533
527
521
519
517
514
512
516
513
513
508
508
501
500
490
495
487
485
479
482
476
476
471
472
468
470
465
462
459
459
458
459
460
459
456
461
465
460
464
462
464
463
465
462
461
459
458
456
458
455
458
454
455
453
453
453
457
450
451
450
453
453
454
454
453
454
456
451
456
453
454
449
451
450
450
455
457
463
472
483
494
512
529
547
559
577
582
597
600
609
609
608
605
601
597
597
593
592
586
584
575
573
563
559
547
540
533
532
522
523
517
518
512
516
510
512
512
510
507
506
502
496
492
492
491
487
486
479
482
477
479
472
471
468
471
464
466
465
463
464
463
461
468
464
466
465
465
465
467
463
462
461
462
460
464
462
463
456
460
458
455
454
454
453
453
455
450
454
453
451
450
457
456
463
460
460
459
462
459
463
461
463
466
473
479
487
491
505
516
526
531
546
551
566
572
576
577
583
582
585
581
579
575
577
574
567
563
556
547
542
534
531
528
522
521
515
518
512
516
514
516
517
516
512
513
506
505
499
498
493
493
483
484
480
480
475
476
474
474
472
474
472
470
469
473
469
471
470
466
466
464
468
462
462
464
465
466
465
464
467
467
470
464
467
466
471
465
469
463
466
467
468
465
466
462
463
462
466
462
462
466
468
463
467
461
463
462
465
464
467
469
478
484
492
499
515
521
523
536
539
550
558
566
570
571
574
572
572
574
571
571
565
563
557
553
544
538
531
525
520
515
513
516
515
512
509
514
509
511
509
509
504
504
503
504
501
502
494
496
485
486
483
483
480
479
481
479
481
483
477
476
478
479
479
477
476
472
476
476
477
474
476
473
475
471
470
466
468
467
471
467
471
471
472
471
472
469
470
470
472
468
472
468
466
465
467
466
463
467
470
469
467
469
474
478
483
489
494
507
513
524
535
544
550
558
561
568
566
566
567
568
558
559
553
553
545
545
539
538
530
529
524
522
519
519
515
517
517
518
514
517
516
513
518
513
511
507
509
505
508
501
501
495
496
492
492
486
488
485
487
480
480
477
479
477
479
479
484
479
481
477
484
477
481
478
478
479
481
477
478
475
478
474
473
471
472
469
473
472
472
473
474
478
472
478
478
480
477
478
478
484
478
475
475
482
482
482
483
491
498
506
515
520
524
537
539
550
553
564
564
572
572
579
577
579
576
572
568
564
560
559
553
551
544
538
538
534
536
530
530
529
528
526
522
517
521
517
519
513
516
516
518
517
512
511
506
501
502
497
492
492
495
490
490
486
492
487
490
486
489
485
486
483
481
480
481
484
479
480
482
483
484
487
485
483
481
485
483
485
482
482
478
481
476
481
477
477
478
480
478
479
478
482
482
483
484
485
487
497
502
512
519
534
542
553
560
569
574
582
582
581
587
588
592
591
587
586
588
586
584
574
571
565
560
553
552
541
539
529
531
524
527
524
526
523
525
520
522
518
519
517
517
512
515
510
516
510
511
508
507
503
499
493
491
488
485
488
487
486
486
490
483
491
489
489
487
487
488
489
484
487
485
486
485
484
479
480
479
482
479
479
479
482
479
480
480
483
475
483
482
484
479
482
482
484
484
492
500
511
520
529
540
552
562
574
590
600
609
611
616
614
620
616
614
609
612
606
604
597
591
580
578
567
564
559
559
554
553
547
546
540
542
539
541
536
533
529
529
526
524
520
516
518
517
513
514
514
509
512
508
508
502
500
499
498
494
496
493
493
489
493
488
488
487
487
482
485
484
486
481
481
480
482
479
484
480
483
480
483
480
487
479
478
478
475
479
477
477
476
476
477
481
489
498
509
518
528
543
554
569
585
597
607
616
617
624
627
626
625
629
626
623
618
619
616
608
594
591
584
578
565
565
557
557
554
548
544
542
538
538
540
538
537
538
540
535
533
528
529
523
522
518
515
509
513
511
510
509
510
501
501
500
502
497
499
495
494
491
492
489
489
485
486
484
487
484
489
485
482
483
487
482
480
482
482
479
480
479
479
485
483
487
485
499
509
520
529
544
557
577
592
603
612
622
629
631
630
634
631
634
626
627
619
615
611
605
595
589
578
573
568
562
557
553
550
545
541
539
538
538
535
537
536
532
535
527
524
521
521
516
519
513
514
513
509
509
509
504
506
501
501
497
497
489
490
488
485
481
483
480
476
477
482
479
480
480
482
475
473
472
469
470
473
472
474
477
478
481
477
482
483
481
477
480
480
480
481
492
494
507
516
533
550
570
583
605
617
633
639
650
653
661
664
666
660
666
662
662
655
656
646
640
628
618
607
597
586
577
572
565
561
557
558
556
555
548
551
546
546
539
538
531
531
524
524
520
517
513
514
509
512
508
507
499
505
499
498
490
490
486
485
482
483
480
486
480
476
472
472
469
467
471
470
470
470
474
471
473
470
476
471
474
470
470
468
467
463
467
463
464
459
461
459
461
459
461
458
461
457
461
460
462
465
470
475
492
503
520
535
557
571
591
601
611
620
626
630
634
636
637
642
639
639
636
639
632
628
612
607
588
584
572
568
554
550
542
539
534
536
531
531
526
527
525
523
518
519
509
513
510
510
509
507
503
502
496
491
483
479
478
477
473
472
473
471
472
469
474
473
475
472
474
469
472
463
470
464
466
463
464
461
462
459
460
459
459
455
460
458
464
460
460
459
458
458
458
458
460
456
458
457
458
457
465
476
486
498
514
525
540
551
564
574
576
587
592
595
592
600
593
593
590
589
581
580
573
569
560
553
544
539
534
528
523
522
516
516
513
515
512
518
519
519
511
513
505
499
496
492
490
485
484
479
478
473
472
473
475
473
476
468
470
467
469
464
468
466
470
467
468
463
463
462
465
461
464
456
465
459
462
457
456
458
462
460
460
458
459
457
454
456
453
452
453
454
458
458
458
463
466
471
474
489
497
511
519
534
537
549
554
565
568
576
580
585
586
588
588
593
591
590
589
591
585
578
570
566
559
552
541
540
531
528
521
516
509
507
509
513
512
510
506
507
507
504
503
498
499
493
492
488
487
482
481
476
474
467
468
465
467
466
469
470
469
467
471
464
466
464
469
469
467
465
468
466
466
464
461
459
458
454
453
455
455
453
457
457
460
457
460
458
457
459
454
457
456
458
455
456
454
453
452
452
453
451
452
456
452
459
463
471
476
484
492
505
508
524
527
538
544
548
548
552
551
551
549
552
553
552
552
550
547
543
542
539
531
527
521
516
513
510
516
511
513
510
513
509
506
497
499
497
498
493
491
484
490
488
488
483
483
479
480
477
478
473
475
473
470
470
469
469
471
470
468
468
469
469
470
470
473
478
477
474
473
475
467
474
470
477
471
471
469
469
463
465
467
469
465
466
467
469
466
470
467
466
465
470
467
469
466
466
463
465
467
473
481
488
498
505
515
519
524
534
542
543
546
546
549
545
549
546
548
544
546
539
537
535
528
525
522
517
515
510
511
509
512
510
516
513
511
511
506
504
504
502
496
490
489
487
488
486
486
488
485
491
486
488
487
483
482
484
480
482
480
479
477
483
478
482
475
478
479
478
472
477
471
476
475
476
471
474
474
476
473
478
473
476
473
480
475
478
471
474
472
472
472
471
471
470
478
482
488
492
502
506
512
514
517
521
527
534
538
539
542
544
548
548
549
545
549
552
554
550
551
546
541
539
536
530
528
523
522
514
516
514
510
515
511
514
510
510
508
515
508
507
504
505
503
502
497
496
492
496
489
490
487
490
484
484
483
484
483
485
481
487
481
485
479
480
478
479
479
480
478
482
480
482
478
475
476
473
473
475
476
475
478
481
482
479
480
480
482
482
480
476
479
478
481
476
475
473
477
475
478
476
481
486
493
497
508
513
517
521
528
528
539
543
550
552
557
556
558
559
558
554
552
554
553
554
553
550
547
547
545
543
539
537
536
532
524
522
519
520
515
516
513
514
512
517
511
516
517
518
514
514
509
511
505
505
503
498
497
499
490
492
488
490
486
485
484
484
483
484
483
480
485
484
492
488
488
487
490
490
488
487
489
485
489
488
487
485
484
481
483
479
481
478
482
481
484
480
482
479
484
482
482
479
482
481
480
479
481
481
485
493
504
515
523
534
541
553
558
564
565
570
572
572
570
570
566
565
562
565
562
562
558
558
552
551
546
548
542
542
539
538
532
533
531
532
529
529
525
525
521
519
514
513
510
513
516
511
513
508
507
507
509
503
505
499
501
498
496
494
494
488
491
487
491
486
489
488
489
486
488
487
493
490
491
486
487
486
489
485
483
485
484
481
480
480
481
483
483
480
478
478
480
483
482
485
480
483
479
482
477
483
484
490
492
503
510
519
524
531
535
547
550
557
558
566
566
571
568
572
568
573
567
568
565
564
560
560
552
548
544
541
537
536
534
528
528
528
533
530
532
527
529
528
529
523
521
516
516
513
516
511
517
510
511
505
508
500
501
497
499
497
497
495
498
492
495
491
491
491
493
490
493
490
487
486
483
485
484
480
485
488
489
490
488
489
488
489
484
487
482
489
482
487
490
496
502
511
521
534
544
557
566
574
582
591
594
597
599
602
599
601
600
598
597
597
591
587
581
578
570
568
561
552
550
544
546
541
544
540
540
539
541
535
535
532
532
528
525
522
524
520
518
511
513
503
506
500
502
501
501
500
504
505
507
503
504
501
502
498
496
492
491
490
486
484
486
486
485
489
487
488
486
489
487
485
486
484
483
483
479
482
477
480
475
479
478
480
478
486
490
501
512
523
530
546
558
574
587
600
609
619
623
631
634
634
636
638
639
639
644
646
649
641
640
630
627
618
614
605
598
591
590
581
578
573
572
568
564
559
558
557
551
547
546
537
537
535
531
525
518
514
510
510
510
506
508
504
502
499
494
490
489
485
479
475
476
477
473
478
472
474
469
476
472
474
472
471
472
473
468
473
468
471
469
471
469
470
465
468
463
467
466
464
461
463
462
466
466
474
479
486
499
513
528
545
562
581
594
609
624
630
642
643
651
642
643
639
643
639
643
637
635
629
630
623
617
611
610
605
603
593
594
590
586
581
579
571
567
561
563
553
553
544
542
537
533
523
517
514
511
515
515
514
514
518
517
517
513
511
505
506
500
503
501
502
497
501
498
499
497
498
497
497
491
491
484
485
478
472
466
465
460
458
457
457
453
453
455
458
463
473
482
493
507
524
544
562
585
602
627
640
650
658
671
672
679
681
683
682
687
684
682
677
677
668
661
648
637
626
619
607
597
588
583
572
569
560
557
548
546
538
534
530
522
517
515
511
514
512
509
514
510
509
504
502
495
493
488
485
482
480
473
470
469
468
463
466
463
464
459
463
461
462
458
460
459
463
459
456
456
461
456
459
455
455
453
453
453
451
449
449
448
448
446
447
447
448
451
450
456
460
466
471
485
493
518
531
549
562
577
590
607
615
626
629
633
633
636
633
638
634
638
629
627
616
614
603
598
588
583
572
566
558
551
543
538
532
526
525
520
515
511
516
513
512
506
505
498
494
487
486
479
477
472
471
463
465
459
461
453
456
455
457
453
455
454
453
453
456
452
456
451
456
453
455
453
451
449
451
448
449
450
450
453
453
456
457
459
459
460
458
461
460
462
459
459
459
459
456
456
455
458
452
456
451
450
448
453
455
458
458
467
473
485
497
513
520
534
546
555
566
572
581
589
594
598
600
602
607
607
610
606
603
597
593
583
577
566
560
549
544
536
531
524
519
511
515
512
515
510
510
504
504
497
497
489
488
484
483
481
480
476
474
473
473
467
465
465
459
462
463
461
460
468
465
468
464
465
456
460
459
459
457
459
454
452
447
449
445
449
446
446
445
449
447
449
448
451
446
451
450
454
453
452
452
457
455
455
454
451
452
454
454
453
457
461
470
480
490
495
511
517
531
535
546
551
561
564
567
570
570
570
573
570
572
569
571
563
561
554
554
544
533
519
519
510
513
508
511
505
505
505
504
501
491
490
488
484
485
484
486
482
480
479
477
478
473
473
470
470
468
469
464
464
459
461
462
461
457
464
459
463
462
464
462
467
465
469
465
466
463
464
463
466
464
466
464
464
465
462
460





