Serial Number - 10
Age - 27
Medical Condition - Post Lunch
Time of Day - 2:35 PM
BP - 115/70



0

514
516
520
521
520
520
517
516
513
512
3
514
516
517
517
515
512
512
508
508
507
507
508
509
511
513
514
516
520
521
520
520
517
516
513
512
0
545
516
496
481
470
465
460
459
463
468
469
477
482
488
491
497
498
503
508
511
516
520
524
526
526
531
532
532
533
531
530
531
529
529
530
532
532
530
525
524
526
525
526
523
523
526
524
524
522
524
525
524
522
520
518
515
516
517
517
515
515
514
512
513
513
514
513
511
514
514
515
516
517
517
517
513
515
519
520
521
520
518
517
515
515
514
515
515
518
516
515
517
519
521
523
525
521
522
523
522
522
524
528
531
529
529
529
530
531
529
529
527
525
525
522
518
517
516
519
518
518
518
517
520
516
513
513
514
512
514
518
520
519
521
520
521
519
517
515
513
515
516
518
518
520
526
524
524
523
521
520
520
522
519
522
519
522
521
522
523
525
529
529
530
528
529
528
528
526
526
523
522
518
515
514
514
513
512
512
509
507
507
505
509
510
513
514
515
517
517
518
518
519
521
520
517
516
514
511
508
507
506
504
505
504
503
508
512
518
521
527
527
531
534
534
536
538
539
531
526
521
519
514
512
513
516
516
517
515
513
511
507
503
503
500
502
503
506
505
506
509
509
512
511
512
512
515
515
514
514
513
514
514
512
513
515
517
516
516
512
513
512
510
511
511
514
515
514
515
514
515
518
517
517
517
516
516
510
515
514
513
514
514
515
514
515
516
516
518
519
519
517
517
515
515
515
515
515
516
515
516
517
520
519
520
518
516
515
512
511
508
508
509
509
509
512
511
514
514
517
517
517
518
519
516
518
517
516
516
514
515
516
515
516
513
513
513
513
515
518
519
520
523
524
526
525
530
530
531
532
529
531
529
530
531
533
533
529
528
525
525
524
526
526
525
524
522
519
515
513
513
516
514
517
514
515
514
513
510
509
510
509
506
503
502
498
499
497
495
498
500
501
502
502
505
509
511
512
515
516
520
519
520
520
520
521
515
518
512
512
511
511
510
507
506
504
506
508
507
508
508
509
509
510
513
514
516
519
522
521
521
519
521
519
521
518
517
515
512
511
508
511
513
513
513
511
512
513
509
509
504
503
499
499
499
498
500
503
502
506
508
512
514
518
521
525
526
531
533
535
535
536
535
532
529
529
525
522
521
515
513
510
506
510
511
515
516
515
519
519
519
519
518
517
517
516
513
507
505
505
503
499
501
497
498
497
495
495
497
500
500
503
506
507
507
507
506
505
507
506
507
507
507
509
511
511
511
511
515
515
514
513
512
515
515
516
517
519
517
513
514
516
514
513
512
509
508
505
504
503
501
501
500
502
500
502
500
502
500
501
500
500
500
501
501
498
499
499
498
498
499
499
497
497
497
496
497
500
501
501
502
502
502
505
508
510
511
512
514
516
521
523
524
522
519
519
517
518
517
519
522
523
522
522
525
527
528
528
528
529
529
528
527
525
524
522
522
518
518
520
516
515
514
514
515
513
513
515
518
521
520
525
526
527
524
520
519
514
512
510
508
507
508
512
509
510
511
512
515
514
515
515
515
518
517
519
519
522
524
524
521
522
520
518
518
516
516
517
516
514
512
514
514
512
511
510
511
514
515
514
515
518
520
520
518
519
518
517
517
518
518
517
515
513
511
512
509
509
505
505
502
501
500
496
496
494
493
494
492
495
492
494
495
496
497
498
501
501
503
505
509
511
512
512
512
513
518
520
523
523
523
522
520
519
514
514
513
512
517
518
518
518
516
519
519
519
516
517
518
515
512
508
506
506
504
503
502
501
501
499
497
501
502
504
503
505
504
506
509
507
504
507
507
506
507
507
504
506
505
504
503
501
502
499
497
499
499
502
502
501
504
506
507
507
509
513
516
517
518
518
518
516
513
512
517
518
521
517
518
518
515
517
517
519
519
520
521
516
513
511
512
512
508
505
505
505
503
503
501
499
498
499
494
493
495
493
498
497
495
495
495
498
498
499
504
507
510
514
517
518
519
521
522
523
523
525
521
525
526
526
527
525
528
531
531
534
533
536
533
532
526
519
517
512
510
507
506
511
513
514
514
514
512
514
513
513
516
514
516
518
517
520
519
522
522
524
521
520
519
519
517
522
522
522
520
517
514
511
514
515
516
518
519
520
518
524
526
528
529
524
523
521
520
521
524
526
528
530
531
529
529
524
521
525
527
527
526
526
526
527
523
524
524
524
526
526
524
524
522
521
521
519
516
513
511
511
508
508
509
508
512
511
511
509
508
509
508
510
510
513
514
515
517
519
523
523
523
524
526
529
528
527
525
527
527
526
526
528
528
530
529
530
530
531
529
526
521
519
516
517
515
521
522
523
524
525
522
524
525
526
525
524
522
520
518
515
513
513
509
507
505
504
503
504
504
507
508
509
509
510
515
514
514
513
512
511
510
510
509
509
511
509
509
511
510
510
508
510
510
512
512
512
513
514
515
515
515
514
514
512
512
511
510
507
511
512
513
513
515
517
519
521
518
518
516
516
515
512
507
506
507
506
505
504
504
502
501
499
499
501
499
501
498
500
501
500
501
501
506
508
509
511
511
514
513
514
516
516
519
521
521
521
522
525
524
522
523
522
523
521
521
522
523
530
527
532
530
530
530
527
526
522
522
522
521
520
519
519
518
518
518
517
516
516
516
514
515
513
514
513
513
513
516
514
514
515
515
517
516
518
519
518
520
519
522
524
525
526
527
527
528
529
529
532
533
534
534
535
537
536
536
536
538
538
537
540
540
539
541
539
535
531
529
529
526
525
522
520
519
517
517
515
516
517
515
513
513
514
516
519
519
521
522
522
519
517
516
515
514
514
516
514
515
515
512
511
509
512
510
511
510
508
510
510
511
513
520
524
525
528
525
522
520
520
519
517
519
518
515
516
516
517
518
518
519
517
517
516
513
511
514
516
516
515
517
515
514
515
513
511
511
510
508
504
504
504
501
503
501
501
499
500
496
494
494
495
493
494
496
495
496
496
496
497
495
496
496
495
496
497
499
500
502
504
504
504
506
506
508
509
508
510
510
512
512
515
515
516
517
517
517
516
518
519
518
517
509
512
509
507
504
505
507
508
510
509
510
510
509
506
507
505
503
502
499
496
495
490
489
489
491
491
494
493
494
496
498
499
498
502
504
506
504
507
510
511
516
519
519
522
521
524
522
523
525
527
529
528
528
528
530
533
528
524
523
522
521
520
519
517
520
520
520
519
517
516
514
510
507
508
506
503
501
501
501
503
504
504
505
507
507
505
507
512
515
518
518
523
522
523
523
520
519
521
522
522
522
525
523
522
523
525
525
526
526
524
522
520
518
517
515
515
513
512
513
515
517
520
522
523
524
528
527
527
527
527
527
526
526
526
523
520
518
515
514
511
514
516
518
519
519
520
519
519
517
516
515
507
506
506
506
505
506
504
504
507
507
509
510
513
513
514
515
513
518
520
525
528
531
533
534
530
528
529
529
528
529
529
527
523
526
524
526
529
531
532
532
534
534
534
534
534
532
532
532
528
525
524
522
521
518
518
518
519
522
520
522
523
522
522
518
517
516
515
514
512
511
513
512
512
510
510
511
513
515
515
516
516
515
515
511
511
516
514
516
515
515
512
513
515
515
517
518
514
516
519
522
521
519
518
519
520
518
518
518
519
519
523
525
527
528
524
522
520
521
521
520
521
518
516
513
511
509
508
506
503
500
498
494
490
489
486
485
483
485
484
485
487
486
492
493
493
495
496
498
501
502
509
510
509
508
508
509
509
510
510
511
512
512
510
506
507
508
508
508
505
506
507
508
508
508
511
512
513
510
510
511
510
511
513
514
517
518
515
510
509
510
513
514
516
519
517
519
518
514
512
515
515
513
512
511
510
510
510
509
510
514
515
513
512
514
513
512
511
511
513
515
514
513
514
516
518
516
518
520
522
523
527
526
528
529
531
531
531
530
527
526
526
524
520
518
515
515
511
516
517
518
520
518
517
515
513
509
509
508
508
509
509
511
514
512
513
512
511
511
507
505
505
505
502
503
504
504
508
506
509
511
514
519
522
524
527
532
533
536
535
537
538
537
537
539
539
539
539
539
540
543
543
539
537
535
532
532
529
525
519
513
515
512
511
511
509
506
503
503
501
504
504
505
507
509
511
510
508
510
511
513
515
514
515
515
515
515
515
516
519
520
520
521
522
522
524
525
524
524
526
526
523
524
523
526
525
525
527
526
523
525
524
526
530
532
535
531
533
530
527
526
522
521
520
520
517
518
517
516
517
512
512
511
515
519
518
520
521
521
520
520
518
518
518
517
515
513
511
512
511
510
513
512
511
515
515
515
515
513
511
510
508
506
505
506
507
509
510
511
513
514
516
517
519
521
522
522
523
525
526
527
521
521
517
514
512
507
505
502
498
497
492
493
496
496
495
497
496
495
494
492
489
489
493
494
492
493
492
494
494
495
500
506
506
507
509
507
511
511
513
514
512
509
506
504
502
500
502
501
502
501
504
505
505
503
501
501
500
497
496
494
494
495
494
494
491
492
492
491
493
491
493
494
493
493
491
494
494
496
495
498
500
503
503
503
505
506
507
508
509
511
512
511
515
512
514
514
515
517
517
519
519
520
522
524
526
520
519
519
519
520
520
524
527
530
531
533
534
537
535
535
536
534
534
532
533
529
528
526
523
522
519
517
515
516
515
512
514
516
517
516
517
515
516
516
513
514
512
513
511
511
511
510
511
510
511
511
510
514
513
516
516
518
518
518
520
521
521
521
523
524
528
529
525
523
521
522
524
522
527
526
529
527
528
528
527
530
528
526
525
523
520
520
518
518
520
518
518
519
518
522
521
519
520
519
518
517
517
514
515
518
517
518
518
520
517
520
519
518
520
519
520
518
517
517
517
517
519
520
523
526
527
528
528
531
528
527
530
528
529
529
529
529
529
531
531
529
530
534
532
534
535
535
535
535
533
532
532
531
531
530
530
527
525
522
518
517
513
513
514
514
516
514
514
513
513
513
513
511
513
511
512
512
510
512
513
512
511
510
510
511
511
507
508
505
508
508
506
507
510
511
510
511
509
506
507
506
505
509
511
514
514
515
519
519
522
521
522
525
522
522
521
519
521
520
518
516
512
507
507
504
501
500
496
496
494
491
490
488
488
483
485
485
483
486
484
485
489
491
495
495
497
499
500
503
504
506
508
511
511
511
511
513
514
513
513
515
514
517
516
518
519
520
524
524
525
525
524
523
523
520
518
520
517
515
512
510
505
501
497
495
490
489
487
483
483
484
487
487
491
494
495
496
498
503
506
511
514
515
520
521
523
526
526
527
526
526
526
527
528
528
530
529
529
527
523
519
518
517
518
518
518
518
520
519
519
522
527
528
530
530
530
532
531
534
535
534
536
539
537
534
532
531
530
529
526
523
518
514
511
505
505
505
507
508
507
505
504
504
502
503
501
503
502
501
501
501
502
506
507
510
513
516
519
521
522
525
524
523
522
523
523
523
522
519
520
519
522
520
520
522
527
528
528
532
534
534
537
534
535
535
535
533
532
531
530
528
527
527
526
526
526
523
523
520
518
518
517
516
514
514
513
516
517
518
517
518
519
519
520
518
518
518
515
516
511
517
519
519
519
520
521
523
524
526
526
528
529
528
528
528
525
524
524
523
521
522
526
527
527
528
527
526
524
522
520
517
519
518
521
519
521
521
523
522
519
517
515
511
506
504
502
501
498
497
496
494
496
494
496
505
508
508
510
510
513
513
514
514
515
515
514
513
511
512
512
512
510
507
506
505
506
506
508
509
511
515
515
518
521
519
518
517
517
517
518
519
515
517
516
518
517
518
518
518
519
516
515
512
514
517
514
515
517
515
513
510
509
508
510
509
504
504
503
501
501
502
501
504
503
506
506
509
512
514
516
516
517
521
525
528
531
534
537
537
539
538
540
543
546
548
548
550
548
549
547
546
546
544
545
544
543
541
535
529
527
523
519
514
511
509
508
508
506
505
506
503
500
501
503
503
506
508
512
514
520
521
521
525
528
530
533
537
539
538
539
536
535
536
540
542
540
542
539
540
539
538
532
533
533
532
531
531
534
535
538
539
539
542
542
542
539
539
540
539
537
536
533
533
531
530
527
527
523
521
515
513
512
514
508
507
504
500
497
496
495
491
495
499
500
503
506
510
514
520
522
525
527
533
536
536
538
537
539
538
536
530
528
522
518
515
513
510
513
516
521
525
527
534
537
540
547
547
548
546
543
539
536
534
529
528
527
523
521
522
521
521
522
522
521
520
520
522
522
522
520
522
520
517
515
508
508
507
507
508
507
509
509
511
512
517
517
520
519
524
523
523
525
526
524
523
521
520
519
517
514
516
518
520
513
508
507
506
507
510
509
512
516
518
519
519
524
527
531
532
536
537
535
532
530
526
523
521
519
515
516
514
515
511
508
505
502
500
496
496
492
493
490
488
487
484
483
483
486
486
490
496
498
500
502
508
510
513
518
520
525
529
533
533
535
536
535
535
536
533
532
529
529
528
526
528
525
526
528
529
530
530
534
536
539
544
544
541
535
534
530
530
526
526
526
524
523
522
520
521
519
518
517
517
517
513
513
514
516
518
516
519
519
521
523
523
524
520
523
520
520
520
521
520
520
522
524
527
530
531
532
537
540
541
542
543
543
541
542
543
544
547
546
546
546
547
547
548
551
551
553
554
553
551
551
551
550
549
545
541
538
533
528
523
523
519
519
516
513
510
513
517
517
516
515
514
514
512
510
511
511
511
512
510
511
511
512
512
514
517
521
521
519
518
518
518
517
519
520
521
522
524
522
524
523
520
525
523
525
524
525
525
524
527
528
529
531
533
537
534
537
538
538
540
538
536
532
530
524
521
518
513
508
508
506
502
499
494
491
490
488
487
487
486
487
489
491
492
495
497
499
499
501
502
503
505
504
504
503
501
503
500
499
498
497
498
494
492
492
491
491
491
488
487
490
491
491
492
492
494
494
495
494
499
499
501
505
507
511
512
509
509
506
504
504
503
502
499
497
496
491
490
492
492
491
489
487
485
483
482
480
480
481
483
484
485
486
486
489
490
489
489
489
493
490
491
491
496
497
497
498
498
499
501
501
504
504
507
510
512
513
517
521
526
528
533
536
539
545
544
547
550
549
549
546
545
542
537
533
528
525
520
514
506
501
497
495
494
493
493
491
490
488
486
487
486
485
485
488
490
492
498
499
502
505
511
514
516
520
523
523
526
527
526
528
529
531
531
534
535
537
539
540
539
539
538
537
537
540
542
541
542
542
543
544
546
543
545
543
541
539
537
534
532
527
527
524
523
519
515
514
515
516
516
515
514
511
511
507
503
502
503
502
499
497
496
493
491
491
491
492
494
498
497
499
502
506
511
515
517
520
525
533
540
556
571
589
608
627
650
679
703
725
750
774
797
820
838
851
861
868
870
870
867
862
860
855
849
843
836
833
828
817
809
800
792
785
772
760
747
733
719
699
687
673
660
650
639
626
615
604
596
587
582
577
573
567
563
562
560
560
560
561
563
562
560
556
556
552
549
551
547
547
549
547
548
544
544
542
539
534
529
523
519
517
511
516
515
519
520
522
525
527
528
528
530
532
530
527
527
525
523
521
519
519
519
516
516
514
515
516
516
517
515
514
513
511
513
509
510
511
511
510
508
508
507
508
505
504
502
500
497
493
492
496
498
504
508
513
518
522
528
530
534
539
540
539
538
539
538
538
535
533
529
524
520
513
509
509
506
506
508
509
511
511
513
513
513
513
514
513
511
510
506
502
499
496
494
492
494
493
493
495
496
500
500
501
502
504
507
507
510
509
510
510
511
511
513
512
515
515
516
519
522
523
522
525
526
525
525
524
521
516
512
513
515
518
519
522
523
523
523
522
519
520
518
519
517
515
516
517
515
514
516
518
516
514
511
508
505
504
499
493
490
486
482
479
480
482
485
487
490
493
498
502
504
503
507
509
511
509
511
511
514
515
517
517
520
520
519
520
517
521
523
524
526
525
525
526
524
522
521
521
521
519
519
519
518
519
518
516
516
515
513
509
505
504
506
507
507
504
504
506
505
506
503
503
506
505
505
503
504
503
504
505
506
507
510
510
510
511
510
510
510
511
511
512
512
515
515
519
519
521
522
523
524
525
524
524
523
522
521
519
518
516
516
514
517
518
518
516
516
513
513
509
505
505
502
501
500
499
497
497
499
498
498
500
501
500
502
502
499
502
502
502
498
496
497
495
495
494
495
492
492
492
492
491
495
496
499
501
503
503
506
505
509
508
509
506
505
504
504
500
498
499
499
501
500
498
496
497
498
498
497
496
494
495
495
495
495
501
505
506
507
509
508
511
509
509
505
506
503
499
496
492
491
489
487
485
484
484
483
481
479
478
477
475
474
473
474
478
483
487
492
499
504
508
512
517
514
515
514
513
509
505
501
495
491
487
484
481
479
480
479
481
480
482
485
487
492
491
492
494
495
497
498
501
504
506
507
507
505
502
501
500
498
498
496
493
493
493
495
493
496
494
494
494
492
493
493
495
498
499
502
504
508
512
513
512
514
516
520
519
518
516
514
515
516
516
513
514
512
508
506
505
506
504
500
498
496
496
497
501
501
505
505
504
502
503
503
501
498
498
499
496
497
495
497
499
498
499
499
498
494
498
497
498
499
498
502
500
500
502
505
506
506
509
509
508
510
510
510
510
513
513
512
512
514
514
517
516
516
515
517
518
517
521
521
524
526
525
525
523
520
520
516
513
512
512
509
511
513
511
510
511
510
510
509
507
504
503
503
500
498
495
496
498
498
500
502
506
506
506
505
505
506
503
502
500
498
497
497
495
493
494
493
494
493
493
492
491
491
490
490
490
490
492
490
491
493
491
488
488
487
489
487
488
486
486
484
486
485
490
493
494
493
492
493
492
493
491
492
492
494
492
491
492
496
496
498
498
499
496
496
495
492
491
491
490
485
484
481
480
479
480
479
480
480
480
476
476
479
479
478
478
479
480
478
481
483
487
491
493
495
495
498
497
497
494
494
494
492
493
490
491
491
492
493
492
494
496
498
498
500
500
502
503
505
507
507
509
512
513
509
512
513
514
510
509
507
509
505
507
509
509
511
510
509
510
511
510
511
508
510
511
513
513
512
511
511
508
506
503
503
503
500
502
502
504
504
506
507
510
514
512
514
515
516
517
517
517
519
519
517
519
519
518
518
517
517
514
517
515
514
512
514
514
516
517
519
522
522
519
520
517
520
519
521
522
521
521
519
518
516
515
514
514
512
511
512
514
517
521
522
525
526
526
525
520
521
522
520
519
515
513
512
512
511
509
512
517
517
515
516
515
513
512
510
509
508
507
508
505
504
504
506
506
507
508
507
504
506
505
506
509
506
506
505
506
503
500
499
496
495
491
492
489
489
489
491
492
493
495
496
498
497
497
497
495
495
492
491
489
489
487
486
483
483
481
480
480
479
478
476
474
474
472
470
467
465
462
460
458
455
449
442
434
423
406
393
378
361
346
332
318
304
295
287
278
279
281
282
285
291
300
308
315
322
328
337
338
341
341
341
341
342
341
344
349
355
362
369
379
389
398
403
411
418
424
431
437
443
450
455
456
455
456
454
458
456
456
454
453
449
449
446
444
446
448
446
445
446
450
453
458
460
463
470
473
478
481
484
491
496
500
506
512
515
521
524
528
534
539
542
545
550
552
554
556
556
556
557
557
556
552
550
546
541
538
535
533
528
527
522
517
518
519
516
517
518
516
517
517
517
518
520
519
520
520
521
522
522
522
525
527
527
531
529
531
532
531
531
531
531
531
531
530
529
528
527
525
523
520
521
519
517
517
516
516
513
514
513
514
518
518
519
518
515
515
510
510
509
507
506
501
500
498
498
498
498
499
503
506
506
505
506
504
505
505
505
506
508
509
507
506
507
507
511
510
510
510
510
510
509
509
511
513
513
510
511
514
515
517
517
517
518
517
516
512
512
512
511
514
512
511
511
510
507
504
503
507
503
502
499
496
493
492
491
490
490
490
490
489
491
494
494
498
500
503
506
509
512
514
516
518
521
526
527
530
528
528
527
526
524
521
517
514
509
506
502
500
500
500
499
502
504
506
507
507
508
509
509
507
507
506
506
505
506
507
506
506
506
506
507
506
505
505
504
505
508
511
514
516
514
517
520
520
522
521
522
525
526
524
522
522
521
519
519
516
516
517
516
511
510
509
513
515
516
518
520
523
520
517
519
520
521
519
518
515
511
507
506
505
506
505
505
505
503
501
501
502
504
504
507
511
511
510
509
513
513
516
515
515
515
518
518
519
520
522
526
527
525
525
527
525
523
521
517
518
516
516
513
516
516
514
516
516
514
511
508
510
507
507
508
508
507
507
507
507
507
507
509
514
515
518
518
520
522
522
524
523
522
521
520
520
518
514
516
514
516
514
513
514
516
514
516
515
515
513
513
512
512
514
513
515
515
516
515
515
518
516
516
514
512
514
509
507
504
506
503
507
507
507
509
510
511
511
513
515
515
514
512
512
510
510
511
511
513
514
514
515
517
517
519
519
519
517
515
514
511
511
509
510
512
510
510
511
512
514
515
518
520
523
525
524
523
524
526
527
526
521
517
518
516
516
515
514
520
520
521
518
517
516
516
516
515
514
514
513
512
509
511
513
515
517
520
521
524
524
526
527
528
530
526
526
524
523
522
520
524
525
526
527
525
526
527
528
529
530
529
532
534
534
533
533
534
533
534
536
535
534
534
534
534
531
531
528
526
523
522
521
522
520
519
518
517
516
516
520
519
520
518
516
516
514
514
514
514
516
516
515
516
519
521
521
523
522
526
529
528
528
527
523
519
517
515
510
516
518
519
522
527
528
531
531
529
529
525
526
522
522
522
521
520
521


