Serial Number - 11
Age - 54
Medical Condition - Post Lunch
Time of Day - 2:38PM
BP - 129/90


0

515
514
512
509
508
507
505
505
504
504
504
503
501
500
500
500
0
517
482
459
444
432
427
428
430
435
445
453
466
477
492
501
518
529
541
546
555
560
571
577
583
582
588
585
590
582
582
576
576
569
567
563
562
556
555
548
550
546
548
543
542
540
541
537
537
531
526
523
515
510
503
503
497
496
485
481
471
464
455
450
445
450
450
456
458
464
466
473
476
484
484
493
494
502
505
513
515
518
517
520
519
521
517
523
525
533
535
541
548
555
565
568
576
578
585
576
571
560
550
532
520
505
495
489
481
467
459
444
441
435
438
438
444
447
454
460
471
480
492
497
509
515
527
536
547
551
566
572
578
581
583
583
580
575
572
562
554
548
535
530
522
516
503
492
481
474
462
456
449
447
447
450
448
454
459
473
481
496
510
528
535
544
546
548
547
549
540
536
524
518
510
504
496
491
492
494
493
491
496
494
500
502
505
507
508
506
508
503
508
509
512
508
515
513
521
517
521
523
526
529
533
530
532
529
528
520
518
512
510
505
505
498
501
498
497
493
488
485
483
480
480
482
486
496
501
511
520
527
530
539
541
545
545
549
545
547
539
538
535
531
524
520
512
513
509
508
502
502
495
495
490
490
485
486
482
484
483
483
482
483
483
485
485
487
491
491
492
489
490
489
488
485
487
483
486
482
485
483
489
486
491
489
493
490
492
489
488
486
489
484
486
484
491
494
501
506
517
522
532
534
538
538
534
538
536
535
537
535
536
530
531
533
531
529
521
522
516
514
512
516
516
518
515
513
503
503
500
499
497
497
495
497
495
497
493
495
497
498
496
500
500
507
507
512
512
518
521
520
520
521
525
525
526
526
526
527
528
520
523
520
527
525
531
532
539
544
553
555
562
563
568
564
564
558
555
547
544
533
529
521
516
507
509
507
508
503
503
502
502
499
496
496
496
494
496
496
497
497
496
500
498
502
498
501
498
499
497
497
495
496
494
497
494
496
495
496
495
496
492
495
488
490
489
490
492
500
503
508
510
520
524
533
536
544
546
545
543
544
545
544
542
539
533
527
524
520
516
512
513
509
506
499
504
503
507
504
505
498
500
494
495
491
491
488
491
484
487
483
485
480
482
480
484
482
483
480
482
481
480
480
482
482
483
482
481
480
481
490
488
497
498
504
505
512
515
525
531
542
546
549
551
553
547
551
546
546
544
542
537
535
530
526
522
521
517
517
514
515
510
516
514
517
514
513
510
505
503
500
496
495
494
495
496
493
494
493
496
492
494
491
495
493
495
492
492
489
492
488
489
484
485
482
484
482
486
480
485
480
483
483
485
483
488
488
496
500
510
514
522
525
529
536
538
543
543
549
550
550
550
550
546
547
540
539
531
530
527
523
518
519
513
513
513
516
513
517
514
514
510
515
510
513
510
515
514
521
525
544
565
579
572
555
532
507
491
478
468
463
460
460
461
462
472
477
485
487
494
496
501
501
502
501
506
511
522
527
536
545
554
560
567
570
577
576
582
577
578
573
574
567
563
558
555
550
547
541
541
536
534
527
521
520
519
517
518
520
519
519
515
513
509
511
505
506
502
504
499
499
495
494
489
492
484
487
485
486
483
486
483
486
482
484
478
481
481
482
478
479
475
477
473
473
471
473
477
486
492
501
510
519
532
536
543
545
551
544
542
538
534
530
527
521
521
514
514
510
514
512
518
517
520
522
524
521
520
517
519
518
521
516
518
513
515
509
509
504
507
503
494
490
487
485
484
481
480
484
484
486
481
484
484
488
486
487
488
491
489
492
488
492
491
493
488
488
486
488
488
493
497
507
515
522
525
534
539
548
551
557
557
562
558
561
556
555
551
548
545
538
534
530
527
525
525
522
522
516
516
511
517
517
519
516
518
512
515
509
509
505
506
498
499
498
499
499
498
494
497
491
496
490
494
491
494
493
494
494
497
494
493
490
489
487
487
486
487
486
488
491
491
497
501
508
515
521
524
534
538
551
554
563
564
567
567
567
562
562
556
558
550
548
542
540
534
533
529
528
521
523
516
518
514
513
510
511
510
507
505
504
504
504
507
504
506
505
504
498
499
496
498
494
495
492
491
487
487
483
488
488
489
483
487
487
489
486
490
489
492
489
493
488
489
491
497
499
508
512
519
521
526
530
542
550
555
558
558
562
561
559
557
557
555
555
546
542
535
534
528
525
519
517
511
516
511
512
509
512
508
507
503
505
500
501
497
499
496
498
491
493
490
491
488
491
488
486
484
484
483
481
480
480
478
478
483
478
483
481
483
483
484
483
487
485
490
491
499
504
514
514
525
530
541
544
551
554
558
557
559
556
555
550
548
542
539
534
532
524
523
517
512
511
511
513
509
505
504
504
504
506
503
505
501
499
496
496
491
492
488
488
486
486
483
484
481
482
482
483
479
481
480
484
482
487
485
492
487
489
483
486
484
485
480
482
478
485
483
487
493
501
510
515
519
525
536
543
548
553
556
555
558
554
554
550
552
545
546
540
538
530
530
521
520
517
518
512
514
511
513
507
507
503
505
503
505
501
503
500
503
500
496
497
494
493
489
487
486
493
489
488
487
490
488
491
490
492
490
494
492
493
492
492
489
490
486
488
486
489
487
491
496
504
511
521
524
534
537
547
549
559
561
567
564
566
562
557
553
548
544
539
535
529
528
524
525
523
523
516
518
513
517
511
518
517
520
517
517
514
516
509
510
505
507
500
499
495
498
493
494
491
493
489
492
491
491
490
493
494
498
497
498
498
498
495
495
499
498
501
500
504
504
508
513
519
525
536
543
551
556
567
570
580
578
582
578
579
576
571
564
560
552
549
541
535
528
526
518
515
507
510
506
507
501
496
495
492
490
488
485
485
486
487
484
486
497
493
491
489
490
486
489
485
487
488
490
485
488
488
490
484
489
486
489
487
488
484
485
481
486
480
487
488
496
500
511
514
521
526
537
542
547
552
554
558
557
559
558
560
562
559
555
555
550
546
539
539
527
528
519
519
512
514
512
515
514
516
512
513
508
510
507
504
500
502
498
499
495
495
491
492
484
481
478
480
478
476
475
475
472
474
474
477
481
482
485
483
485
482
485
485
487
488
497
502
511
514
522
527
540
544
551
553
560
559
562
558
560
558
558
551
550
543
540
533
531
525
524
520
518
512
512
512
513
513
508
507
507
503
502
504
503
508
504
504
500
503
497
498
495
495
492
497
491
492
486
487
484
484
478
481
478
481
477
478
476
481
476
477
474
477
475
478
480
478
481
488
496
505
515
522
531
537
547
552
562
567
574
574
577
574
577
570
570
562
560
552
547
539
534
526
521
516
514
509
512
507
510
506
505
501
503
504
505
502
503
500
503
500
499
493
494
492
491
488
488
487
488
493
490
493
492
494
488
490
489
491
490
491
490
494
489
491
485
492
490
496
496
502
506
515
518
526
533
547
555
562
565
573
574
579
577
576
573
572
565
558
553
548
543
540
540
536
534
531
530
526
523
523
523
520
518
513
514
512
513
511
513
511
511
504
503
499
502
495
496
491
492
489
490
486
486
483
487
484
486
482
483
480
483
480
477
475
473
473
469
472
477
483
490
500
509
518
525
532
541
552
555
564
566
572
569
572
568
567
563
558
551
546
540
536
528
525
516
516
510
513
507
510
507
508
505
507
505
501
500
499
497
497
495
493
494
491
495
490
493
493
493
491
493
487
490
485
486
482
483
482
483
480
481
479
483
480
481
479
482
482
485
489
500
506
519
525
534
538
548
552
563
568
566
568
569
567
566
560
559
557
554
553
546
542
533
528
520
516
514
514
508
511
506
508
504
504
502
502
499
497
490
492
487
492
490
492
491
491
488
488
484
483
481
483
477
479
475
481
475
473
473
471
473
472
468
465
472
468
470
467
471
471
481
484
495
500
511
525
535
541
550
553
559
558
561
559
561
561
560
555
552
544
540
533
528
519
515
506
504
496
497
493
488
487
488
486
485
485
486
495
492
495
495
496
494
495
490
491
486
487
484
483
483
484
481
485
482
485
482
485
484
483
485
489
483
487
482
484
483
487
486
496
500
510
512
520
529
538
544
549
554
558
568
568
570
570
573
570
572
567
567
560
558
550
548
542
540
532
529
522
523
518
518
515
515
515
514
511
516
516
520
519
519
515
516
512
510
504
504
500
497
492
488
485
484
484
482
483
483
489
489
488
486
492
492
493
493
496
493
495
494
497
500
513
517
525
532
545
552
564
569
576
581
587
583
585
577
577
568
569
560
557
550
541
533
528
521
518
514
513
511
514
518
517
519
515
517
512
513
506
508
503
503
497
498
493
498
494
497
490
493
488
490
486
490
484
485
482
482
480
483
480
481
478
479
475
476
475
474
478
482
488
497
508
517
527
535
547
555
565
569
575
576
581
578
578
574
571
566
563
556
552
544
540
530
527
518
518
513
515
510
511
507
504
497
493
489
489
485
486
480
477
475
478
474
474
473
473
472
472
469
467
472
474
476
474
481
480
479
477
479
478
480
476
475
473
473
471
476
475
483
486
495
500
517
522
532
541
551
558
569
573
579
578
584
583
584
579
582
575
570
564
557
550
545
538
533
529
524
524
519
520
515
515
511
515
511
512
510
512
506
508
502
502
497
497
491
491
486
487
482
483
481
482
479
479
475
479
474
475
473
474
474
476
472
472
472
471
469
470
473
475
481
488
502
512
522
528
537
546
556
561
568
573
578
580
584
580
582
579
577
572
568
562
559
550
547
540
536
529
526
517
517
511
518
514
517
513
510
506
502
498
501
498
497
493
491
492
491
491
489
490
489
489
485
485
481
483
480
485
483
487
483
486
484
484
484
492
488
489
485
487
485
491
496
503
510
521
527
537
545
555
564
578
584
587
592
595
594
591
586
587
587
575
572
562
555
547
544
536
535
530
527
518
517
514
513
512
516
515
516
513
512
507
508
503
502
495
496
489
491
485
486
483
482
479
481
478
475
473
473
473
475
476
478
480
485
487
487
489
486
490
489
494
495
505
510
521
524
535
541
550
558
566
570
579
577
583
580
582
576
576
568
566
559
556
547
543
531
527
521
520
511
510
507
507
506
502
500
500
501
499
501
497
502
496
496
495
496
493
493
488
485
483
486
484
484
481
481
478
478
474
475
474
477
475
474
470
472
470
472
472
473
474
484
485
490
498
511
521
527
537
545
554
563
567
569
577
582
586
581
581
575
572
565
562
554
548
538
533
521
516
508
511
508
507
503
504
500
500
493
495
494
495
492
494
491
491
487
489
483
480
478
475
473
472
471
470
471
470
478
479
480
480
480
482
483
481
484
482
486
481
483
481
484
488
497
503
513
519
528
534
547
552
563
568
576
578
583
581
583
580
579
573
570
562
553
550
543
539
535
528
523
518
514
515
511
518
518
516
512
511
510
509
507
505
499
499
493
491
487
489
487
489
483
482
479
481
474
475
473
477
474
478
474
479
477
481
480
483
481
485
481
480
482
483
491
500
509
520
532
543
556
565
579
583
595
595
599
596
599
593
592
584
581
573
567
555
551
544
540
530
528
521
521
514
513
510
515
514
517
511
512
512
512
508
507
502
500
499
498
492
492
494
492
490
489
494
494
495
492
493
489
492
488
489
484
485
484
485
487
490
489
496
501
514
516
526
537
551
561
575
580
591
593
598
595
599
594
594
587
580
573
566
558
551
544
536
529
524
523
519
517
510
516
513
512
504
507
504
504
501
502
498
499
494
490
488
490
487
487
482
484
480
479
476
476
478
478
474
476
470
473
470
469
466
466
466
469
470
476
488
496
513
524
538
547
558
570
576
580
588
589
593
590
589
582
582
575
570
561
557
545
537
525
520
513
508
507
506
503
506
502
504
496
498
494
495
489
483
483
484
483
480
479
478
478
476
475
474
477
475
476
472
472
470
473
467
465
462
470
463
466
461
463
461
464
463
467
470
479
487
501
511
525
534
549
558
572
579
589
591
602
601
606
600
594
593
586
582
576
569
562
557
549
542
533
530
520
518
511
512
509
510
504
505
498
499
494
493
489
489
486
487
482
486
484
485
481
482
479
482
479
482
483
487
489
489
485
488
486
485
484
485
484
485
484
482
482
485
494
499
509
517
528
538
554
566
574
578
584
587
594
600
607
609
614
611
614
608
602
592
591
579
574
564
557
543
537
526
519
508
513
514
512
506
503
501
503
501
502
501
503
505
503
503
496
500
495
495
491
491
487
488
485
487
483
490
490
489
489
491
488
492
488
493
489
495
494
496
501
509
513
518
524
540
547
561
571
579
586
594
597
599
600
600
598
592
592
586
583
575
568
560
552
543
538
531
527
520
517
514
515
515
522
522
527
526
526
521
524
519
519
512
510
503
498
487
482
471
464
454
446
441
435
431
431
429
432
434
437
443
447
454
453
459
462
472
474
482
491
503
514
526
534
548
558
571
577
588
591
599
596
601
597
596
591
588
577
570
561
555
545
539
529
521
512
511
507
503
501
500
499
495
495
496
502
503
507
508
513
509
509
506
507
503
503
497
494
489
489
482
480
478
478
477
476
469
470
468
466
461
461
457
460
457
457
455
459
460
463
467
478
486
499
511
522
534
551
567
580
591
600
611
612
618
616
614
611
606
596
589
577
571
559
554
542
538
528
523
511
514
510
513
509
511
507
508
503
504
500
501
497
498
492
495
491
486
484
478
478
474
471
471
473
472
471
470
473
472
474
472
470
472
474
470
474
470
472
467
468
464
465
469
475
477
489
498
513
520
534
546
563
570
582
587
591
594
600
598
601
595
589
582
577
569
561
557
547
543
534
533
526
524
518
516
515
512
512
515
512
517
518
524
520
520
517
521
518
518
515
516
513
513
505
506
495
498
494
495
492
496
492
491
487
487
482
482
478
474
472
474
472
474
477
481
494
502
515
522
534
544
558
569
582
587
599
598
604
599
603
598
596
588
586
580
573
563
554
544
539
530
526
516
512
508
509
504
507
504
505
500
499
494
491
490
486
486
486
483
484
479
481
485
482
484
482
481
475
476
473
475
469
471
467
469
465
466
463
468
466
471
466
469
472
479
482
496
503
519
526
544
551
564
573
584
588
589
588
591
590
586
581
576
572
566
560
549
545
534
532
525
517
510
513
508
508
502
505
501
503
496
498
492
493
486
489
485
487
485
487
482
483
479
483
479
480
476
477
476
474
471
466
467
464
465
463
464
463
463
465
470
473
482
485
497
505
518
525
537
550
562
575
586
592
600
602
605
601
601
596
592
586
583
570
567
557
552
544
539
528
523
514
511
509
511
506
504
499
496
492
490
488
487
485
485
489
488
490
489
486
486
484
480
482
477
475
472
475
471
469
469
468
467
470
467
469
465
468
465
467
465
471
470
480
484
496
507
519
525
540
549
563
572
578
583
587
588
587
587
584
581
579
578
568
561
553
547
537
534
524
521
516
513
507
512
509
511
506
508
506
508
502
505
502
505
503
501
497
496
493
492
486
487
482
485
482
478
475
478
477
477
479
479
479
480
480
478
482
481
489
489
492
498
508
515
526
536
551
563
576
582
592
594
606
606
609
607
605
596
590
578
568
559
551
538
534
524
521
513
514
509
506
506
503
501
498
499
497
495
491
496
495
498
496
496
492
492
490
491
482
484
476
477
472
472
469
472
468
469
466
465
464
466
461
464
462
468
472
481
490
505
518
530
538
553
560
570
578
585
590
591
592
591
587
583
584
577
574
564
556
546
542
533
528
520
514
506
508
506
500
497
497
493
493
490
488
486
484
480
479
475
479
473
476
470
469
463
463
462
464
460
463
462
458
456
458
460
463
464
467
469
470
469
468
474
474
483
490
501
509
527
535
547
561
574
584
594
599
604
604
606
601
603
591
590
581
575
568
561
553
552
538
533
525
521
513
512
509
505
504
504
500
499
496
498
498
497
498
493
493
488
487
481
480
476
477
471
473
466
466
464
466
464
465
464
465
464
470
468
471
469
471
469
471
466
471
475
482
489
502
510
524
533
544
554
570
578
587
596
599
608
605
609
603
604
596
591
581
575
564
559
547
542
534
529
519
513
506
512
508
513
509
510
506
506
502
503
498
501
495
495
489
490
485
478
477
472
469
469
469
464
464
466
473
475
479
477
480
479
479
476
477
478
479
477
476
474
475
477
479
480
487
493
508
516
528
538
557
569
583
592
603
608
610
609
612
607
608
598
589
576
568
557
550
540
535
528
524
523
515
514
512
515
511
512
509
507
505
504
500
500
491
491
487
487
483
487
482
482
479
478
480
477
476
477
473
476
473
474
472
473
469
469
467
468
466
466
464
464
468
469
473
483
501
513
527
533
550
559
574
584
592
597
603
601
605
601
600
593
589
582
578
567
561
546
543
534
529
519
513
508
511
505
507
503
502
496
495
491
488
481
481
481
478
479
478
478
476
475
475
475
473
475
471
475
472
471
468
470
474
475
471
471
465
470
466
467
467
467
466
471
470
476
485
501
513
528
542
560
572
584
593
600
606
609
607
605
599
597
588
581
575
569
566
558
551
538
533
527
519
512
509
503
502
498
496
491
491
490
492
491
493
490
491
491
491
486
487
485
484
478
477
471
473
468
469
465
461
462
459
459
462
464
463
462
466
464
465
470
467
474
469
472
471
473
474
480
484
495
505
518
528
544
554
570
579
592
594
603
606
610
608
608
600
596
587
584
573
567
557
551
539
531
524
517
509
508
505
504
504
503
509
506
511
506
507
506
508
506
508
505
504
498
500
493
492
491
492
485
486
482
483
481
483
481
480
481
483
480
481
477
480
478
479
474
477
479
484
487
491
504
515
524
535
548
561
581
590
602
606
614
611
609
602
599
590
586
574
566
553
547
533
528
515
513
510
510
505
503
500
498
495
495
489
490
487
489
481
485
481
482
476
477
475
470
468
465
461
464
464
464
464
465
467
466
467
465
466
464
468
466
465
462
464
461
464
468
476
482
496
508
519
529
544
554
569
576
586
587
594
593
597
593
593
586
581
570
561
551
537
532
524
513
508
507
505
508
504
503
497
499
494
492
488
491
487
487
483
485
479
480
477
478
473
476
474
475
471
473
468
470
466
470
469
476
470
469
467
470
468
468
465
463
461
463
462
466
475
482
494
508
518
530
544
555
577
586
599
603
605
605
609
606
604
597
590
581
577
565
558
549
544
533
528
516
511
506
509
500
498
494
497
495
496
491
490
484
489
484
482
480
480
476
474
471
467
475
474
474
473
474
471
473
469
472
467
472
467
468
464
469
467
467
466
469
467
471
469
474
476
487
495
510
517
532
542
557
568
581
590
597
601
605
602
600
594
589
580
575
568
560
553
547
544
535
534
523
519
514
510
508
508
509
509
507
507
500
502
495
496
491
495
489
490
486
487
483
482
480
480
477
478
473
474
472
474
470
474
471
470
467
466
464
462
465
467
469
473
484
490
509
516
531
541
558
567
577
583
591
595
603
600
603
593
592
584
579
569
562
553
548
538
530
523
515
509
510
505
503
499
498
491
487
486
482
480
480
480
480
481
478
482
481
484
481
478
479
476
472
474
471
471
468
470
466
465
462
463
460
462
458
458
458
461
456
461
464
471
476
492
500
518
526
543
550
564
573
585
588
590
593
593
589
587
584
579
579
567
561
553
548
539
533
523
520
512
511
507
504
500
501
494
493
489
491
487
489
485
488
485
483
478
481
477
478
474
477
473
475
470
468
467
470
468
465
465
463
466
467
466
465
468
472
475
472
475
472
480
481
490
499
514
520
531
540
556
568
580
589
598
599
602
601
601
596
595
592
586
575
570
560
555
541
534
525
523
515
511
507
503
499
499
493
494
492
491
492
489
494
492
497
494
494
494
490
488
486
482
483
476
480
474
474
471
471
467
471
468
467
468
468
468
469
468
472
471
474
474
478
481
494
501
515
525
538
549
563
576
587
597
604
608
611
617
612
612
605
599
586
581
568
560
550
543
533
528
520
517
510
513
509
511
506
508
505
507
505
506
502
503
500
500
497
498
494
495
490
487
481
487
481
479
477
475
474
472
470
472
474
475
476
473
475
470
474
470
477
477
484
491
506
513
526
539
552
564
578
586
597
601
607
606
607
605
603
591
590
578
574
561
553
544
536
528
524
513
507
504
502
497
494
491
492
492
489
493
493
496
495
495
487
488
484
485
480
481
476
477
471
475
469
469
467
470
466
470
464
467
464
467
464
467
464
466
465
468
468
475
480
486
498
511
524
534
548
560
568
580
591
596
602
600
604
598
597
586
583
574
566
557
547
534
528
516
509
505
505
500
501
498
498
492
493
489
488
487
487
486
487
483
486
482
486
480
476
469
471
470
471
469
468
468
467
472
469
472
472
473
469
472
468
469
467
468
466
465
462
464
459
462
466
472
478
493
504
521
531
550
560
576
586
596
597
603
606
606
602
598
592
590
582
573
562
553
546
539
535
527
518
511
513
508
509
504
506
503
500
496
494
490
491
484
488
484
488
482
481
478
480
475
476
471
472
469
468
464
463
462
465
464
464
461
464
460
463
460
458
460
458
460
459
461
462
462
464
470
473
484
491
505
514
529
541
557
567
581
589
599
601
607
603
604
596
596
588
584
574
567
557
551
539
535
519
515
509
507
507
505
503
500
498
495
493
496
494
492
493
493
496
492
495
490
492
489
490
485
484
477
481
477
478
474
478
476
478
476
478
478
481
478
478
476
476
473
475
467
469
472
476
479
489
497
514
522
535
551
564
576
586
592
599
600
603
606
603
598
588
583
570
563
553
550
539
531
521
518
511
511
507
505
500
500
494
490
484
488
485
486
480
483
480
482
481
480
476
481
477
477
472
475
470
467
466
464
464
464
463
461
465
462
464
461
464
459
464
459
463
464
469
476
489
499
514
521
538
546
561
571
584
590
597
599
605
599
599
591
588
581
575
565
555
549
540
531
524
514
511
509
509
506
505
506
504
504
501
505
501
502
502
499
497
496
492
489
485
483
477
477
470
471
466
468
459
461
457
462
460
463
462
464
463
465
462
466
464
469
462
464
459
464
467
472
482
497
513
523
535
549
564
576
592
598
604
604
609
603
600
593
590
585
577
566
558
547
543
529
524
517
516
510
508
505
509
503
504
498
500
495
497
494
489
488
490
487
483
480
479
475
474
473
473
476
473
475
471
473
476
477
477
479
477
479
474
477
470
472
471
469
465
466
461
462
461
464
467
476
486
499
517
532
543
562
572
587
594
605
611
615
613
612
609
599
592
585
575
569
560
552
549
540
535
527
523
516
515
510
514
509
510
507
507
501
503
502
503
500
503
497
497
494
492
488
490
487
487
481
481
478
479
476
478
475
476
474
476
476
475
475
474
472
473
472
472
471
474
480
480
487
488
500
508
519
530
544
557
577
589
601
604
614
617
620
617
616
609
607
597
589
575
569
555
550
541
532
522
518
514
510
509
513
512
511
505
503
503
502
502
499
504
504
504
499
499
498
496
492
490
487
486
483
481
477
480
479
484
476
478
475
477
471
475
475
474
472
476
471
477
478
486
488
502
510
523
534
545
559
573
585
594
601
607
611
611
615
609
607
600
592
583
576
565
559
549
543
535
529
517
514
504
506
502
502
498
498
492
495
492
493
489
492
489
489
484
486
483
483
478
479
471
476
471
465
465
464
461
458
459
459
462
465
463
463
466
464
465
463
465
464
470
473
487
497
514
525
540
550
566
576
589
596
603
607
609
604
603
595
593
585
581
572
566
553
546
537
530
519
516
511
507
504
500
499
500
496
495
497
498
499
494
497
494
497
492
489
481
482
477
476
470
470
469
472
466
467
462
463
462
464
465
469
466
472
469
467
468
469
466
467
468
466
469
472
482
492
503
523
537
552
568
579
594
601
611
614
618
615
613
607
603
594
590
577
571
560
554
541
533
525
519
510
511
507
509
503
507
502
502
502
503
500
502
500
503
498
494
492
490
488
487
481
481
478
476
480
477
480
476
478
473
476
475
478
476
478
476
478
474



