Serial Number - 12
Age - 21
Medical Condition - Pre Lunch 
Time of Day - 2 : 42
BP - 107/72


0
535
548
562
573
588
600
613
627
640
653
667
677
690
698
701
703
699
694
681
663
643
615
597
580
562
1
535
548
562
573
588
600
613
627
640
653
667
677
690
698
701
703
699
694
681
663
643
615
597
580
562
0
480
454
435
430
425
428
435
446
451
462
470
483
484
490
492
495
492
493
487
488
481
485
477
479
475
475
469
469
465
466
468
473
472
479
482
484
487
493
499
505
513
521
533
538
548
555
565
570
576
575
574
571
570
564
564
558
555
547
542
536
530
524
528
522
529
529
534
533
536
534
533
529
531
526
526
519
517
509
507
504
499
492
490
485
482
484
478
477
472
471
466
467
460
460
457
459
463
473
477
486
494
502
505
521
534
558
580
621
650
689
721
760
796
837
872
898
907
910
892
869
828
781
727
670
610
548
487
431
383
327
285
248
219
193
174
157
150
141
142
143
157
168
189
209
238
265
301
334
375
411
462
498
545
586
631
668
702
728
747
756
760
746
734
710
681
643
604
565
525
488
452
421
399
384
367
358
349
346
342
344
345
350
353
359
363
373
385
405
428
457
489
526
553
593
615
638
647
653
650
640
622
604
577
550
523
505
489
481
473
464
457
455
455
458
467
477
491
504
523
536
552
557
566
575
587
591
595
592
591
581
575
560
550
543
537
524
510
496
485
470
460
447
444
439
440
437
443
445
456
461
472
481
491
501
508
516
520
527
530
530
529
532
530
527
517
512
502
497
490
491
486
490
492
499
504
516
525
539
550
564
573
585
591
598
599
605
603
601
593
586
573
570
560
549
541
533
528
523
523
526
535
542
553
562
577
589
606
618
635
642
654
652
657
649
648
639
636
626
623
615
613
613
639
682
741
786
804
777
726
650
577
499
429
377
341
311
295
284
280
281
288
299
312
330
341
351
359
371
377
385
390
399
402
410
413
420
421
430
432
439
442
450
452
462
468
477
481
490
495
505
511
517
519
524
526
531
534
539
541
546
541
541
539
537
536
536
540
541
542
541
543
541
543
540
542
539
542
538
538
532
531
529
528
523
525
523
528
525
527
526
529
528
528
528
531
527
528
521
523
516
515
509
510
504
504
499
498
495
494
493
495
494
491
489
487
492
489
491
488
485
482
482
479
478
475
478
476
477
475
478
476
480
480
484
483
487
487
490
487
489
489
493
494
499
499
508
510
515
513
519
526
529
532
533
536
535
535
535
537
535
536
532
529
524
521
516
515
509
510
505
508
504
505
501
507
501
500
497
497
493
498
500
499
496
498
496
496
491
494
490
491
488
485
483
482
482
479
482
483
482
484
489
487
493
493
495
492
495
495
499
496
498
496
499
497
502
502
509
511
518
521
524
525
530
529
534
530
531
528
529
524
520
513
513
509
504
501
503
500
500
500
498
499
502
507
510
509
506
505
501
503
500
502
499
500
499
505
503
505
503
505
501
502
500
501
496
498
494
496
495
497
497
499
498
502
500
504
502
502
506
512
513
515
516
517
520
528
528
533
540
539
542
538
541
538
538
533
530
526
525
518
517
512
513
507
508
504
506
502
504
503
507
505
508
505
507
503
504
501
502
499
497
495
494
489
488
490
490
492
494
498
497
500
497
499
496
500
498
503
499
504
503
510
511
518
520
524
527
534
537
542
541
545
544
544
538
539
534
531
526
524
520
520
520
514
513
511
508
509
509
509
508
508
514
513
511
507
509
502
505
499
501
497
498
493
492
487
487
486
486
484
488
485
489
488
494
493
498
496
500
497
500
497
501
498
502
498
497
496
499
499
499
499
503
505
510
515
520
526
528
533
533
537
535
540
539
541
539
542
535
537
534
532
525
528
524
526
523
523
516
517
516
517
510
512
512
512
509
511
507
510
507
509
504
503
501
502
500
497
495
496
497
496
496
496
496
497
499
495
497
494
499
497
499
499
500
497
497
496
497
495
500
496
498
495
498
496
498
496
497
496
503
497
502
498
504
499
500
497
497
496
495
497
497
501
505
508
511
517
517
522
523
529
527
533
530
534
529
533
530
532
529
529
525
525
519
519
512
515
510
517
516
517
513
517
516
518
512
514
511
512
509
505
502
500
497
495
492
492
496
498
501
500
503
500
504
503
504
500
502
498
497
493
493
491
497
495
499
500
504
505
510
514
516
519
530
530
534
533
538
534
535
530
528
523
519
514
508
505
504
501
501
499
502
508
508
512
511
509
509
511
508
508
506
508
506
511
510
512
509
511
507
509
502
506
502
503
499
499
496
499
494
496
493
497
495
499
498
501
502
505
508
516
522
527
530
531
540
538
544
541
543
542
542
538
536
530
530
525
524
520
525
522
523
519
518
514
519
514
519
516
516
511
511
506
505
499
504
501
502
496
494
493
490
490
489
490
490
489
491
491
489
491
491
494
493
496
496
503
503
510
513
517
522
527
525
531
527
534
531
535
536
535
535
536
534
534
531
531
527
528
524
522
523
523
526
524
524
520
517
517
514
516
519
519
520
515
516
515
514
509
510
505
506
501
502
498
500
497
499
496
499
498
501
501
502
498
504
498
504
500
507
508
514
516
524
525
529
533
540
546
554
565
570
582
588
598
607
615
620
629
635
641
643
649
648
653
651
655
653
655
654
654
650
648
643
641
637
637
631
633
627
626
614
609
594
586
575
563
547
534
523
516
511
506
500
500
498
493
489
484
483
480
483
478
484
480
485
481
484
481
484
482
483
478
475
465
460
452
449
441
440
435
436
432
433
428
432
428
429
426
428
429
427
427
425
425
423
419
420
420
418
425
420
422
415
418
412
411
406
407
406
409
413
419
428
439
446
462
471
488
497
512
520
532
539
549
550
554
553
557
556
556
549
548
541
534
528
519
510
508
502
494
488
486
488
488
492
491
499
501
508
507
516
520
525
526
528
526
525
521
517
509
508
500
500
495
495
485
487
484
486
485
488
487
492
492
497
496
501
505
509
510
512
514
518
521
525
527
529
532
530
533
530
533
531
531
532
533
530
532
528
525
522
525
519
520
516
517
513
517
512
517
516
519
517
520
516
519
515
515
513
514
510
513
505
509
501
497
494
491
490
488
490
490
488
491
495
498
503
504
512
513
520
522
529
530
535
532
537
531
533
530
531
528
532
528
528
525
527
520
520
517
516
514
517
515
517
516
519
514
511
509
509
510
509
504
504
504
502
505
503
505
501
503
500
497
496
496
493
497
496
496
496
497
495
498
495
502
503
510
513
519
520
527
527
534
535
543
543
546
545
549
546
549
544
542
538
533
528
523
521
516
516
512
512
512
516
515
517
512
514
510
510
506
506
504
505
500
502
496
498
495
492
486
489
485
488
486
488
487
491
489
493
490
494
495
497
495
496
494
496
498
504
508
512
518
524
534
538
547
549
559
560
564
562
565
564
562
557
555
547
552
543
543
537
536
529
529
524
522
518
522
518
517
513
517
514
517
513
516
515
514
512
513
513
513
514
512
511
509
508
506
507
504
504
503
502
499
501
499
502
497
499
496
498
495
497
494
497
493
495
493
494
491
489
489
489
486
488
484
486
485
488
484
486
487
487
484
481
484
483
483
484
483
483
488
487
489
487
492
488
489
488
490
487
490
487
489
486
490
487
487
484
488
487
493
494
502
506
515
518
527
530
542
547
556
556
561
564
567
566
567
565
563
561
556
549
544
537
537
533
530
528
526
526
523
526
521
522
519
523
519
520
516
515
515
517
513
516
511
514
508
508
503
502
497
498
493
496
493
496
492
496
493
496
495
493
491
492
490
489
485
490
488
491
495
494
497
493
495
491
493
492
493
489
490
485
489
486
490
487
489
487
489
488
489
488
493
492
496
492
497
496
499
499
502
502
514
519
528
535
543
555
561
573
582
589
596
601
599
601
597
596
590
584
576
570
560
557
546
542
534
533
531
529
529
530
527
528
525
528
523
525
521
519
513
510
505
505
499
503
499
502
499
497
500
500
502
501
499
499
497
496
498
494
496
493
495
489
489
485
485
482
483
480
484
481
482
477
478
477
476
473
472
469
471
469
472
467
473
474
481
483
490
493
498
506
514
518
525
527
531
532
531
526
522
518
517
520
520
520
521
522
517
520
517
521
518
522
518
520
516
515
513
515
514
518
515
518
511
511
506
505
501
502
498
501
498
496
494
497
496
498
495
499
495
495
496
494
493
493
494
491
491
491
494
491
498
496
501
503
510
516
522
523
528
526
532
531
535
534
537
534
534
532
531
527
527
523
521
518
518
513
514
512
517
515
517
515
512
507
503
503
500
501
500
500
497
499
499
500
500
500
498
499
497
497
495
499
496
499
498
500
495
497
496
499
499
505
509
515
512
516
518
525
527
536
536
544
546
547
547
544
543
544
542
539
536
534
531
528
526
522
523
520
521
515
515
512
514
511
516
517
518
516
518
510
509
504
503
500
501
498
499
493
496
492
493
489
493
491
496
494
500
500
506
508
512
515
520
524
530
536
541
548
550
560
562
566
566
566
563
561
556
553
546
545
537
534
525
524
513
513
511
513
509
512
508
510
507
509
506
510
507
509
507
508
505
509
503
501
498
496
494
492
491
490
491
489
489
489
492
492
492
492
491
490
495
493
495
494
500
502
511
513
523
527
537
540
547
552
557
560
567
567
569
568
568
563
562
554
553
551
548
538
533
527
523
519
514
511
514
518
521
523
521
523
520
519
516
514
510
509
505
504
499
499
496
496
493
493
493
493
490
494
490
494
492
494
490
492
488
489
486
488
486
489
485
488
486
489
487
486
485
485
485
483
487
484
482
487
490
489
493
491
493
490
492
488
490
490
491
489
489
486
490
487
492
488
489
487
489
485
486
485
490
489
493
489
495
491
494
492
493
492
491
494
497
501
508
515
522
529
536
547
553
565
569
571
573
576
575
576
569
568
559
559
551
547
538
536
530
528
522
521
517
518
514
516
514
515
514
516
512
516
516
519
515
513
510
509
508
505
503
501
499
498
495
494
498
498
499
496
499
497
497
493
495
491
491
488
489
486
489
487
488
483
487
488
488
486
489
484
488
485
484
481
482
482
484
483
486
484
480
481
479
476
479
480
483
483
484
486
485
490
488
494
494
500
502
508
510
517
520
528
529
535
536
540
541
536
532
533
529
531
527
526
520
522
517
515
514
519
517
521
516
509
506
513
511
509
506
505
503
505
503
501
504
504
505
503
506
504
505
502
504
498
500
497
496
492
492
491
494
491
494
487
490
489
491
489
491
490
492
490
495
495
501
502
510
512
518
516
518
522
524
528
529
531
533
540
540
542
538
539
531
531
524
522
517
516
511
515
513
514
511
515
510
515
509
511
507
506
504
503
501
504
500
502
498
498
495
498
496
498
496
500
497
496
494
492
493
493
494
493
495
496
503
504
512
512
516
521
526
529
536
540
544
547
551
551
553
551
552
545
541
538
538
532
531
524
523
516
514
512
513
511
514
511
514
514
511
510
508
506
507
505
504
503
502
503
502
504
500
503
501
503
498
501
496
499
495
497
492
494
491
492
490
492
492
498
501
511
513
525
531
540
542
550
554
563
559
558
553
554
548
545
539
536
529
527
522
517
517
512
514
509
513
510
513
508
511
506
508
507
509
506
508
504
507
505
507
504
506
502
504
499
503
503
504
502
501
499
500
497
497
494
495
489
488
489
490
486
486
488
486
489
488
493
494
499
505
509
516
520
526
535
541
549
555
563
565
572
572
573
569
573
567
565
559
556
549
545
539
537
528
528
520
520
514
515
510
511
512
514
514
513
512
511
511
510
513
512
513
507
506
504
502
500
500
497
499
495
495
492
494
489
491
491
493
488
491
489
492
490
495
489
491
491
495
487
488
488
490
491
493
488
492
488
487
484
483
483
485
486
485
489
491
493
492
496
494
497
497
502
499
502
500
502
502
503
502
505
500
503
499
502
499
500
498
502
501
503
504
510
513
518
522
529
537
546
549
552
557
560
563
565
567
568
572
567
564
561
562
556
554
549
547
544
542
540
540
540
544
542
549
549
555
557
559
558
564
562
566
562
563
564
564
561
561
554
553
548
547
540
543
543
542
544
544
549
553
559
567
573
581
591
598
603
607
609
607
610
607
605
600
600
597
594
587
587
582
583
576
571
564
558
551
544
534
532
522
517
509
510
504
509
510
517
521
528
538
547
555
561
567
571
571
571
572
568
568
559
552
540
536
527
527
523
523
517
519
513
515
510
509
503
503
500
501
501
505
502
507
506
511
509
509
502
498
491
488
482
479
473
470
467
467
468
471
476
479
482
488
493
492
495
493
493
489
490
484
486
483
488
489
493
494
498
499
502
496
495
489
487
478
474
463
456
444
434
421
409
397
389
380
372
363
357
354
360
364
370
377
387
402
416
431
442
458
468
484
490
498
500
504
500
503
500
504
501
503
496
499
497
500
499
502
506
511
515
520
524
531
534
543
541
545
545
547
545
546
543
539
534
529
524
520
515
512
512
507
511
510
509
510
509
508
512
510
513
510
514
510
512
508
508
503
504
500
499
494
495
490
492
486
489
487
489
487
490
487
492
490
496
499
505
513
520
526
528
529
534
537
542
549
555
559
563
563
559
559
552
555
549
551
543
538
531
530
523
520
515
517
511
512
510
512
508
511
506
509
507
510
508
509
505
507
505
505
503
501
499
496
495
492
490
492
497
496
496
495
500
496
502
504
510
513
523
530
539
544
549
551
557
559
563
564
568
567
568
562
561
554
554
546
542
534
530
521
519
513
513
508
504
505
506
507
508
509
511
518
519
520
519
519
517
517
513
513
506
507
501
497
491
491
489
489
489
491
491
494
492
492
492
496
495
497
493
495
489
491
489
494
487
490
488
492
489
485
483
485
487
486
484
485
484
484
489
486
489
491
495
492
494
490
491
489
492
490
493
493
497
495
497
498
502
499
501
502
503
502
509
511
519
524
537
543
562
577
591
605
608
609
607
602
600
591
584
578
569
565
555
552
545
542
535
531
525
527
520
520
516
516
513
515
513
516
516
519
519
520
515
516
510
512
509
509
505
506
501
500
496
496
490
492
487
486
484
486
486
484
485
485
487
489
493
494
498
496
498
495
496
495
496
497
498
493
494
489
492
488
488
485
487
486
487
484
488
488
493
493
499
501
509
513
517
520
530
532
543
543
552
552
557
558
558
557
555
552
549
550
543
543
538
537
530
528
525
523
518
520
513
516
512
513
511
517
516
518
515
518
515
518
511
510
504
504
498
496
491
495
489
486
484
486
483
482
484
485
488
490
496
498
501
502
503
502
503
500
501
497
499
493
496
493
495
493
497
491
495
491
496
493
496
495
498
498
504
503
510
513
522
528
538
542
550
556
562
563
568
569
569
571
569
566
561
558
554
549
540
540
535
536
532
532
528
533
532
537
536
540
539
540
537
537
529
531
526
522
520
519
518
520
518
520
518
523
522
525
524
526
524
529
526
525
526
525
526
525
524
519
514
512
511
509
510
505
506
502
501
498
499
496
499
501
509
513
523
531
544
554
568
580
600
612
626
635
641
641
642
632
627
613
605
589
576
556
540
520
503
486
473
455
446
442
436
430
427
431
430
434
434
437
437
440
441
443
442
446
443
454
455
463
463
468
471
475
475
478
476
481
476
476
472
473
469
470
467
468
467
470
469
471
468
475
475
474
477
478
483
485
489
492
500
511
514
517
524
523
531
532
539
539
541
539
542
541
539
537
536
530
529
520
521
514
513
507
508
504
510
509
512
511
512
507
509
503
503
502
501
499
499
498
497
498
496
499
499
502
500
499
498
499
496
498
497
496
494
495
493
491
489
494
493
496
496
501
503
511
512
519
520
532
536
545
548
553
553
560
557
560
557
552
550
545
538
533
528
524
523
516
514
510
510
509
513
512
518
517
521
517
518
513
514
509
510
505
507
501
503
497
496
492
493
489
489
487
489
488
491
485
490
487
490
488
489
490
488
492
492
498
506
518
526
536
547
560
566
577
580
587
588
596
598
597
591
590
584
581
575
573
569
567
560
556
552
554
550
551
547
546
539
539
533
529
523
522
517
511
508
507
503
501
497
493
490
488
487
482
484
482
484
482
483
481
484
481
485
481
486
485
490
490
490
490
490
490
491
487
489
487
490
486
485
482
486
485
490
492
499
505
516
518
526
529
538
545
550
553
559
561
565
564
565
568
564
565
559
558
551
551
544
539
535
533
526
526
519
519
514
516
513
514
512
515
514
519
518
522
519
519
516
518
514
516
510
511
508
506
502
504
499
500
496
494
493
493
491
491
495
492
494
491
492
491
494
492
494
489
495
492
492
490
494
493
494
491
493
490
494
490
493
489
490
490
493
490
492
491
496
494
494
492
494
492
490
487
484
486
488
488
488
495
497
502
501
504
503
507
504
506
503
505
506
511
515
524
529
540
545
552
556
563
561
562
560
562
560
561
556
556
552
548
543
543
533
529
524
520
515
513
509
512
512
513
520
517
521
519
521
516
516
512
512
508
507
507
510
508
509
507
507
504
506
502
503
497
502
495
496
491
493
490
492
489
490
489
492
489
490
486
491
488
489
489
489
489
490
489
487
487
494
497
495
497
493
495
492
494
493
494
492
495
491
495
489
494
494
497
491
495
493
496
495
496
494
500
505
511
511
517
516
524
523
531
533
539
542
542
540
540
540
540
538
534
531
526
529
526
525
520
521
519
520
519
520
515
518
515
517
514
516
513
515
513
515
514
521
523
530
532
540
541
546
547
552
552
557
557
561
559
558
553
549
546
548
546
541
542
540
546
546
551
551
557
559
563
564
569
576
588
604
623
638
658
675
688
689
700
708
724
739
756
764
772
772
768
755
744
727
711
692
670
647
629
609
591
576
565
554
549
548
541
539
531
530
525
519
513
511
507
504
497
496
492
495
493
494
488
495
491
495
492
491
483
473
455
432
395
352
311
278
251
240
230
236
242
255
273
306
335
366
397
424
450
473
499
512
528
532
543
541
541
538
538
532
532
525
525
519
521
514
515
512
514
512
515
510
515
512
513
509
512
508
508
503
501
494
492
482
475
469
463
459
455
451
442
438
435
438
437
442
445
454
458
464
466
476
481
489
491
498
499
505
505
502
500
500
495
494
486
482
474
473
469
470
464
467
464
467
462
461
454
452
452
450
453
456
458
462
467
473
484
491
502
505
510
510
514
510
512
507
507
503
506
500
498
494
492
488
489
485
484
482
484
482
486
481
485
482
488
491
498
501
512
516
527
532
542
548
551
555
561
560
563
568
565
569
566
564
557
557
552
551
545
545
539
537
531
528
522
524
518
520
515
519
514
517
515
519
517
527
527
528
527
531
527
532
526
526
522
523
519
515
513
507
509
506
509
507
506
504
504
501
498
496
496
490
488
483
483
476
480
479
481
480
485
485
487
486
489
487
491
490
495
493
497
496
497
496
499
497
498
497
503
504
500
501
501
499
500
498
500
504
503
505
504
505
503
506
501
504
503
507
504
511
513
519
524
532
535
546
552
562
566
576
576
580
578
578
573
572
566
563
556
555
549
548
540
540
532
529
527
524
523
521
526
525
526
528
528
526
526
521
520
516
517
510
513
514
516
510
508
506
507
502
505
500
502
497
501
498
499
495
499
497
501
500
501
497
503
502
502
501
501
502
502
505
507
514
517
523
530
537
541
549
550
554
551
554
551
551
546
545
540
539
529
531
524
523
514
512
508
511
511
512
510
512
509
511
508
508
505
505
503
502
499
496
494
490
489
486
488
486
485
485
489
489
491
492
495
494
494
492
493
490
490
484
487
485
488
489
494
506
512
515
522
526
536
540
549
551
557
559
561
558
561
556
557
551
550
544
539
532
525
523
520
517
515
512
511
516
519
527
531
539
539
546
545
548
547
552
552
553
548
541
538
538
532
531
523
520
517
515
509
510
502
502
496
498
492
497
498
506
509
512
517
526
529
531
531
533
535
532
536
531
530
529
531
527
525
521
521
516
514
510
512
508
511
509
515
514
516
515
517
517
518
515
519
518
519
515
516
511
511
505
506
502
500
502
501
505
505
507
509
519
518
522
520
520
515
513
507
502
495
494
491
494
489
493
489
495
494
499
502
509
516
523
528
538
545
554
557
565
566
574
574
579
570
570
565
559
552
544
541
536
531
527
523
520
527
531
539
537
542
535
536
533
534
526
527
522
516
504
499
491
486
479
477
467
467
462
463
460
462
462
467
468
475
477
482
480
484
482
481
481
482
481
482
480
479
476
469
473
467
470
467
467
464
462
455
453
447
444
441
440
436
438
438
442
438
443
443
448
447
450
448
451
445
452
451
454
453
455
456
461
462
469
476
485
490
500
507
515
519
524
535
536
545
543
546
542
542
543
548
546
551
548
555
557
560
563
567
566
574
567
566
560
557
548
540
529
525
517
516
512
511
510
519
523
528
531
532
534
533
532
528
525
521
519
515
510
504
498
492
491
486
488
487
490
492
494
495
496
496
498
496
498
495
498
495
493
490
491
486
486
485
487
489
491
490
492
488
495
488
489
483
483
482
479
480
479
475
476
479
481
485
484
488
485
489
486
493
490
494
496
504
507
514
518
521
523
529
530
537
535
542
538
544
534
535
530
525
521
518
511
512
508
507
502
502
503
504
504
505
506
504
510
509
509
508
511
507
511
505
504
500
500
494
495
491
493
489
489
487
487
485
491
488
490
486
491
489
493
493
492
488
495
493
495
493
495
493
496
498
496
501
505
509
512
515
516
521
522
530
531
538
536
536
535
532
530
529
526
524
520
520
517
513
510
513
510
513
511
512
509
511
507
507
502
505
503
499
498
497
496
496
493
490
485
486
484
484
482
486
488
490
496
497
500
502
506
503
503
504
509
509
510
511
518
521
528
532
538
540
543
542
544
539
545
542
545
539
538
530
528
522
518
512
513
510
509
510
508
510
509
509
510
510
513
515
509
510
501
505
500
500
495
495
489
491
486
489
483
486
486
486
483
487
484
486
480
480
475
477
477
485
488
499
506
516
517
523
529
532
540
545
552
554
555
556
555
554
558
556
560
555
554
548
546
538
535
527
529
527
529
524
524
519
520
518
524
524
527
526
533
542
559
577
601
610
619
622
620
615
607
591
575
553
531
508
502
503
508
511
508
510
505
503
498
499
495
494
493
492
487
492
495
507
514
519
514
511
499
495
483
480
477
477
471
470
461
462
463
473
480
496
503
511
509
510
505
501
503
502
497
489
476
465
453
447
447
447
455
459
466
469
477
479
487
489
499
499
504
503
503
498
501
499
504
503
506
503
504
499
501
503
513
519
532
539
551
558
566
571
578
585
589
588
589
587
584
584
579
579
571
567
556
547
536
530
522
520
516
518
515
518
517
520
519
525
529
534
535
537
529
527
517
510
501
498
491
486
476
472
461
454
447
444
439
436
434
428
423
420
426
427
434
435
442
439
444
442
451
457
469
477
492
495
504
509
515
519
529
534
544
542
546
544
547
549
552
548
542
532
518
502
490
469
454
432
406
384
362
344
329
316
311
310
316
333
348
383
412
449
481
513
541
571
596
622
639
654
657
659
648
638
618
599
575
553
525
502
479
462
450
447
445
449
448
454
452
454
455
453
454
455
455
456
453
455
460
469
485
489
496
497
500
499
501
498
498
495
497
493
492
488
489
488
494
494
497
496
500
495
498
492
493
491
494
492
492
490
492
492
496
494
494
496
498
502
506
508
512
518
520
524
523
526
522
523
516
516



