Serial Number - 13
Age - 26
Medical Condition - Post Lunch
Time of Day - 2:48 PM
BP - 134/81


0

513
516
520
521
520
521
521
521
520
519
516
514
514
512
510
509
507
507
505
0
553
516
492
471
459
450
453
454
463
466
477
481
492
495
503
504
510
514
520
520
522
520
522
520
516
515
511
512
511
511
509
511
510
512
509
510
508
510
507
509
506
505
504
507
505
507
504
508
505
508
505
508
509
510
511
514
513
520
520
527
527
532
523
522
517
519
517
515
518
521
523
525
525
526
528
525
518
520
522
518
519
514
516
510
514
508
509
505
507
504
506
504
505
503
508
505
507
503
505
501
506
505
508
507
510
508
509
505
505
506
505
502
499
499
501
503
504
516
516
525
526
530
530
534
535
540
536
538
531
532
531
529
526
524
523
524
521
520
516
516
512
514
511
515
511
517
512
511
508
515
515
518
517
517
518
516
518
517
520
521
525
520
522
520
520
515
517
513
515
510
512
509
508
504
505
503
504
502
503
501
508
506
509
510
514
511
516
514
517
513
519
515
518
515
519
518
517
517
514
514
513
510
511
518
514
511
510
511
508
512
507
508
507
507
503
504
502
506
503
506
504
506
503
507
503
508
504
509
507
508
505
509
505
510
505
506
502
507
504
505
502
504
505
506
511
511
518
519
523
522
529
531
538
534
536
530
531
529
529
525
526
517
516
511
514
511
513
516
517
515
518
516
518
514
515
512
514
511
513
510
513
507
510
508
509
505
504
502
499
499
499
501
502
502
505
508
510
515
512
515
514
515
511
515
512
512
511
513
513
516
518
525
524
527
526
530
526
529
527
529
519
516
511
518
517
520
517
521
518
514
514
513
509
507
508
507
505
504
510
507
511
507
508
509
511
508
508
506
507
503
507
504
505
502
507
504
506
502
503
504
506
505
506
501
505
500
503
502
505
504
510
510
511
513
517
519
519
521
523
524
527
525
521
523
521
522
519
521
518
520
515
517
516
516
513
514
512
514
515
521
521
523
522
524
523
525
519
520
518
518
513
511
510
511
509
511
504
505
502
499
499
500
501
500
501
503
510
511
514
512
514
512
515
511
513
516
521
522
525
524
528
526
529
528
530
528
530
527
527
518
514
514
518
516
518
515
519
516
518
511
514
513
510
505
503
503
502
502
504
508
508
512
511
515
512
516
514
519
515
520
515
515
514
516
511
515
517
520
514
516
514
516
513
515
510
513
508
510
508
513
512
518
520
525
528
533
533
533
531
527
520
515
513
518
525
525
529
522
525
522
523
521
523
518
517
513
513
509
510
508
508
507
507
507
509
508
510
508
512
509
511
509
511
508
509
507
509
505
508
506
505
504
502
502
501
499
500
501
501
505
505
509
508
515
511
515
514
519
520
526
524
518
515
516
513
522
517
524
527
531
530
528
522
521
517
523
520
523
523
526
519
520
513
512
512
511
510
510
509
509
507
507
516
514
520
518
521
520
522
521
524
521
523
518
518
513
510
500
499
488
489
480
484
481
488
492
501
508
517
521
528
532
538
538
541
540
538
535
533
531
527
517
509
506
498
507
507
512
511
513
512
512
514
515
514
517
514
518
516
516
512
513
510
513
509
510
507
508
507
511
507
510
507
506
504
504
503
505
501
500
499
500
499
500
500
500
503
503
508
510
516
516
523
522
525
526
530
525
518
511
516
518
523
520
525
524
527
522
518
516
522
519
523
519
520
518
517
514
512
507
511
509
506
502
501
502
501
504
507
510
511
514
511
513
509
513
507
510
506
507
506
506
504
503
500
505
505
506
503
508
503
507
504
508
505
511
511
516
515
519
519
524
517
517
512
511
517
517
518
522
526
528
525
521
519
514
515
515
520
520
528
526
528
522
518
516
519
516
517
515
517
512
513
511
512
510
508
507
507
504
509
505
510
508
508
507
507
506
506
503
504
503
505
506
505
505
507
511
511
518
518
523
520
528
530
531
531
534
534
536
533
536
531
532
527
526
525
525
522
524
518
520
513
515
511
510
509
513
511
516
513
511
510
510
510
507
506
509
509
509
513
511
516
516
519
512
515
513
514
512
513
510
511
509
511
506
508
507
512
510
514
515
519
520
526
530
541
551
562
568
576
577
582
578
574
571
565
563
555
553
547
546
545
544
543
542
538
538
528
522
514
521
516
520
517
519
517
517
516
514
512
512
510
509
507
510
507
509
507
510
509
509
507
509
506
508
507
504
505
504
503
504
504
504
503
507
513
513
520
518
524
524
527
526
530
531
535
532
535
531
534
531
533
530
531
529
530
524
526
524
526
520
518
511
515
515
517
514
518
518
520
516
512
508
507
505
504
505
505
506
509
513
512
513
515
517
514
515
514
515
513
514
512
514
513
516
513
514
509
511
507
508
506
510
509
515
516
521
521
524
524
528
528
536
534
533
533
532
533
533
532
532
532
533
536
534
537
533
534
530
531
524
525
520
520
516
517
517
516
512
511
511
512
510
512
510
513
510
513
505
509
508
512
509
514
511
512
508
506
503
503
504
506
504
506
504
508
514
515
524
524
527
527
530
528
533
533
536
531
533
529
531
526
530
524
526
524
525
521
521
516
515
513
516
512
514
512
514
511
513
511
509
509
509
509
508
509
509
508
508
513
513
520
515
518
514
516
513
513
508
512
508
510
504
507
504
508
507
509
509
514
512
519
519
524
522
524
523
527
526
530
530
530
530
529
526
524
522
523
521
520
517
516
518
517
518
515
515
513
515
510
513
508
511
509
508
505
504
503
506
505
507
501
504
502
504
501
501
501
502
499
501
500
504
503
506
505
505
506
506
504
503
503
504
508
511
515
517
524
526
529
530
533
533
536
534
536
533
534
531
533
531
533
525
522
515
510
510
517
515
518
517
518
512
515
514
513
513
516
510
514
511
513
509
512
508
506
504
505
506
505
505
503
502
503
507
508
512
510
514
509
513
511
511
509
510
507
510
507
509
507
511
511
514
514
520
521
525
525
525
526
528
528
529
528
529
526
528
525
518
512
510
510
512
512
515
513
514
512
513
516
514
515
514
516
515
515
512
511
510
509
506
509
504
508
504
507
502
505
502
506
502
505
502
505
502
504
499
504
502
508
504
504
501
500
503
505
506
511
512
519
521
522
524
528
532
535
535
531
531
525
526
520
520
520
523
519
520
516
518
514
515
512
519
518
522
518
522
519
520
519
518
516
516
512
514
510
511
506
509
506
504
504
502
503
502
503
501
505
505
509
510
510
510
511
508
509
509
512
510
513
513
521
518
520
518
520
520
522
520
521
522
527
524
527
524
528
525
527
525
524
523
523
520
519
515
511
514
514
516
516
520
517
513
511
513
516
518
518
519
517
518
514
517
510
513
512
513
509
507
505
508
504
507
503
505
502
506
502
505
502
506
502
507
506
512
511
516
517
520
521
526
529
527
529
530
528
531
534
534
536
535
536
531
532
525
526
521
522
514
514
509
516
511
517
512
515
513
512
512
514
513
512
510
511
509
510
505
509
505
508
507
503
501
500
502
501
503
501
502
502
507
506
509
508
510
508
508
507
510
509
511
512
515
514
519
522
524
526
529
529
532
530
532
530
531
526
529
524
526
518
519
515
518
514
511
507
506
501
502
501
502
502
506
509
506
509
507
511
511
511
509
510
509
510
505
506
503
506
502
504
499
503
499
503
499
503
502
505
501
503
499
505
504
508
506
514
515
519
518
518
519
522
521
521
522
524
526
526
527
524
525
524
526
522
524
519
521
517
519
512
513
509
512
511
513
510
513
512
512
509
512
510
513
507
510
506
508
504
506
504
499
499
498
496
495
499
500
502
502
507
506
508
509
511
511
512
508
510
508
512
511
516
517
518
518
523
521
525
526
528
529
530
528
532
529
531
526
525
527
529
522
524
520
513
511
510
505
504
505
504
503
503
505
507
513
508
513
512
513
510
514
509
510
506
512
507
509
503
505
503
503
501
503
502
506
502
505
500
504
501
503
502
506
506
511
508
509
512
514
514
516
520
520
523
524
529
529
532
532
534
528
528
522
523
518
518
513
515
510
512
510
507
507
507
507
507
507
509
503
508
506
508
506
508
506
509
504
508
506
501
503
501
504
500
499
497
497
499
505
504
509
510
512
509
515
516
519
520
527
527
529
529
534
531
533
531
533
529
528
526
528
525
525
520
522
517
520
514
511
506
513
513
512
510
512
511
509
507
507
507
508
513
510
511
509
510
509
510
507
509
506
509
504
504
501
505
501
505
502
504
500
503
501
503
501
511
510
514
513
518
518
522
523
528
526
526
526
523
524
523
524
522
522
522
524
524
524
521
520
517
515
511
514
508
513
508
510
506
508
505
508
507
508
507
508
506
507
504
508
505
507
506
510
506
508
507
509
506
503
500
498
498
499
502
504
504
505
512
510
514
514
519
520
525
522
528
527
532
528
533
532
532
532
532
527
527
525
529
527
528
521
519
512
512
507
511
511
519
518
518
517
514
513
511
510
508
508
510
509
506
510
510
514
513
515
512
514
511
512
508
512
509
513
511
512
505
506
501
503
501
504
502
509
506
511
510
515
517
520
521
525
523
528
526
523
523
523
522
521
521
520
520
519
525
521
523
523
523
520
521
520
520
514
519
515
516
514
517
510
512
511
514
513
516
515
517
513
516
513
515
511
515
512
512
509
508
505
503
503
501
503
500
501
503
504
507
512
514
519
522
528
527
531
530
535
531
531
529
529
526
529
525
526
526
529
523
524
515
513
510
511
511
516
515
521
515
518
514
518
515
513
509
509
508
506
505
503
501
504
510
506
509
507
510
508
510
507
508
509
508
504
508
500
506
503
508
507
508
506
510
509
513
512
518
519
522
519
527
525
530
528
529
527
524
521
520
519
518
517
515
515
512
517
513
515
512
514
512
513
511
513
508
512
507
511
508
510
509
510
509
511
507
509
506
508
504
505
502
504
499
503
498
501
499
502
500
501
497
495
501
500
505
506
511
514
519
520
527
527
533
534
536
532
534
530
532
529
527
525
525
521
523
511
508
504
511
510
514
512
514
513
515
511
512
511
512
509
515
509
507
504
502
502
501
503
505
506
503
508
507
510
508
510
507
508
504
502
500
503
500
506
503
508
507
514
513
517
518
522
523
530
530
533
531
536
532
537
530
533
531
531
529
523
520
518
517
515
513
513
513
511
518
516
519
516
521
517
516
513
514
511
518
517
519
519
518
513
511
509
509
504
505
502
504
501
501
498
501
497
500
500
505
504
510
511
520
520
525
525
527
529
530
533
532
536
536
537
535
536
533
534
531
533
529
528
526
526
519
513
509
513
515
519
517
517
515
515
512
515
514
516
515
517
512
513
509
514
509
510
509
505
504
502
502
501
501
501
506
506
508
508
513
511
515
514
517
518
522
520
521
522
530
527
534
531
538
535
536
534
532
533
536
530
532
524
528
521
521
518
516
515
511
509
506
505
504
504
503
503
503
509
507
511
512
515
514
516
515
517
512
514
509
512
509
512
509
508
507
507
504
507
503
506
504
506
505
507
507
511
511
518
521
522
521
523
521
521
523
527
530
530
532
533
539
538
541
538
540
538
539
532
531
529
526
522
520
517
520
520
522
519
521
518
522
519
520
517
515
511
510
507
510
506
509
504
505
499
495
494
494
493
492
492
492
493
492
496
500
506
508
512
515
517
517
523
522
530
528
533
529
529
525
530
524
526
522
521
518
523
518
518
514
516
509
509
502
506
503
505
503
497
496
498
498
499
500
501
507
507
512
510
513
514
515
515
518
514
516
514
514
511
512
507
506
503
505
503
505
506
509
508
513
513
519
519
524
521
525
522
525
526
530
529
529
524
527
527
524
522
522
521
520
528
527
529
528
525
518
518
513
512
505
502
498
497
492
491
488
489
492
493
489
493
492
496
494
495
496
498
499
500
496
498
494
500
498
497
495
493
492
492
492
489
493
497
503
505
510
517
521
524
528
527
532
531
535
530
531
531
528
520
521
516
517
514
514
513
516
519
521
518
521
516
519
515
516
512
514
512
513
510
510
507
505
504
503
503
501
503
502
506
508
509
509
512
509
511
505
507
503
505
503
506
503
504
502
507
503
509
509
514
517
523
523
528
527
531
529
532
529
532
529
529
521
519
517
516
513
513
515
515
517
517
512
514
515
515
517
514
517
516
515
511
513
511
513
511
512
507
508
507
508
506
508
503
502
501
503
498
502
500
505
499
504
499
503
500
506
506
510
513
518
515
517
520
521
522
524
526
527
526
525
525
522
526
523
523
519
521
517
520
514
515
512
513
513
516
516
518
515
518
514
518
515
517
514
515
510
512
510
511
508
510
508
508
504
503
501
499
498
499
497
496
496
495
502
502
506
507
512
508
513
512
516
514
520
522
527
528
530
530
534
531
533
530
531
530
529
527
529
524
524
523
521
511
509
506
509
509
507
505
505
507
508
505
507
508
509
513
514
514
514
516
514
513
514
517
513
510
507
507
504
504
502
501
501
502
498
500
496
500
500
505
506
512
512
519
520
522
520
530
532
533
532
532
532
531
531
531
526
527
528
524
523
520
521
516
517
509
511
509
511
507
508
504
505
503
505
501
506
502
506
502
507
503
508
508
512
510
511
507
509
506
505
503
498
494
492
494
492
492
495
495
496
504
505
511
511
518
517
524
526
530
530
531
529
531
527
531
527
526
522
520
515
517
516
515
512
514
508
506
504
509
508
508
507
509
506
507
504
501
502
504
505
504
503
504
508
509
512
510
511
509
513
506
507
504
505
504
507
502
503
504
506
506
509
510
519
519
525
521
529
528
532
531
536
535
537
535
533
529
530
526
527
523
520
517
515
512
509
511
514
514
512
515
511
514
511
511
509
510
510
510
506
507
504
506
503
506
504
507
504
507
506
507
505
508
505
508
508
510
507
511
511
512
510
515
514
514
513
515
519
518
523
524
530
527
530
531
533
531
534
532
533
530
531
524
525
520
521
517
516
511
513
508
509
504
507
507
511
510
509
506
509
507
511
506
510
506
511
508
508
505
505
503
501
501
501
499
499
496
498
502
506
512
508
513
513
519
520
527
526
530
530
533
529
530
528
531
527
528
525
526
522
523
519
513
507
513
508
511
509
510
507
509
506
506
503
503
503
501
501
500
502
500
503
504
508
508
511
510
511
509
509
506
508
504
505
499
502
498
500
496
499
499
502
505
509
511
514
516
521
521
525
524
529
526
532
525
530
528
527
523
522
519
517
516
514
511
509
511
509
513
510
513
510
513
509
511
509
509
507
512
511
515
513
514
509
511
511
512
512
515
511
513
508
509
504
506
506
508
504
507
505
508
508
514
514
516
520
519
523
526
527
533
540
541
542
542
542
540
542
535
537
536
537
530
527
522
518
512
514
513
515
513
515
510
513
508
511
507
511
509
511
508
514
509
513
511
515
511
508
508
505
505
505
503
503
507
510
512
509
513
509
512
509
514
513
518
516
519
521
526
525
526
528
532
533
537
538
537
535
537
534
536
532
533
529
531
525
524
523
522
519
514
510
509
507
508
509
508
516
514
511
511
513
512
514
512
513
511
513
506
508
508
511
507
509
507
506
504
508
504
506
505
508
508
515
510
517
519
527
525
529
529
533
531
533
530
528
530
528
526
524
523
525
521
523
523
519
522
512
510
506
508
508
507
507
512
510
516
515
520
518
524
523
527
525
523
521
524
523
526
523
525
520
521
516
516
511
510
508
507
504
500
496
496
494
493
495
497
500
503
512
514
520
521
526
527
531
529
533
530
535
534
535
534
538
532
533
527
526
522
523
516
510
504
505
500
500
498
500
499
501
499
501
500
498
497
496
496
498
501
500
500
500
503
503
507
504
508
505
505
502
499
499
501
502
506
503
508
508
512
512
514
514
521
522
523
520
524
523
526
524
525
522
525
521
521
516
512
510
508
503
502
501
499
499
498
501
501
507
504
506
507
508
505
506
502
505
501
505
503
505
502
504
503
505
502
505
501
503
502
504
501
503
501
504
501
504
502
506
506
513
514
519
519
519
519
518
520
519
520
518
522
522
523
519
521
517
520
514
515
512
509
505
506
505
509
506
508
506
510
507
512
509
510
511
514
511
511
509
514
513
514
511
513
511
512
507
506
502
502
502
500
499
499
502
502
504
509
515
519
524
525
529
531
534
532
535
531
535
532
536
530
529
526
528
522
523
520
522
517
516
513
512
505
510
506
506
502
506
501
505
503
501
501
501
501
498
503
502
504
507
509
512
514
515
519
514
515
512
512
508
510
505
507
505
507
502
505
505
508
506
510
512
518
516
524
520
528
528
531
530
533
530
532
529
527
523
522
521
518
516
517
514
512
514
511
514
510
511
508
509
505
506
498
502
496
497
493
492
490
488
488
486
482
486
485
488
489
492
491
495
496
498
497
503
502
505
504
498
498
498
500
502
504
505
506
509
512
512
517
517
520
518
522
521
522
519
521
518
520
521
522
514
515
511
519
521
530
532
540
542
545
541
543
536
536
527
520
513
511
505
506
500
498
494
495
495
496
495
498
498
501
507
506
510
508
511
510
512
505
509
502
508
505
509
507
507
506
510
512
513
511
516
512
516
512
514
511
515
511
512
510
510
507
508
504
503
500
498
498
498
499
501
500
502
507
508
512
508
509
504
510
508
512
508
511
507
510
505
505
504
506
500
502
497
498
495
497
498
495
493
496
493
494
491
496
496
503
503
506
506
510
509
508
509
510
513
515
515
516
520
523
526
524
526
523
525
522
520
514
516
506
501
501
503
502
502
502
505
501
505
504
505
502
505
500
502
500
501
498
499
497
499
492
494
489
488
486
485
485
486
487
489
493
498
502
504
509
509
514
514
521
523
527
528
531
530
533
531
533
529
530
525
525
520
520
517
519
513
514
511
509
506
504
500
504
502
507
506
506
504
504
503
505
501
502
509


