Serial Number - 14
Age - 30
Medical Condition - Pre Lunch
Time of Day - 2 : 52 PM
BP - 117/78

0

500
502
505
508
513
517
520
525
0
524
495
474
463
453
451
453
458
462
466
476
486
495
500
507
509
514
514
518
517
518
518
522
521
520
517
517
516
517
515
519
520
527
524
532
534
538
539
545
545
549
550
553
551
555
552
556
552
550
549
548
548
542
536
533
528
528
528
527
529
526
529
526
529
528
529
523
525
523
525
524
524
522
524
519
520
517
520
518
521
517
519
517
515
512
511
507
509
507
509
507
505
509
513
517
522
527
534
540
546
551
549
556
556
560
558
558
556
554
552
550
544
547
539
540
533
532
525
525
521
520
516
518
515
515
512
515
513
519
518
521
520
519
517
513
508
503
501
501
495
493
490
492
492
490
493
490
493
494
498
497
502
503
510
514
523
528
536
540
546
548
551
551
550
544
544
541
541
537
539
536
539
537
537
535
535
531
532
527
524
521
519
517
515
515
515
516
516
518
516
519
517
519
517
520
520
524
523
523
519
519
516
516
512
515
514
518
514
513
508
508
503
506
503
509
509
515
516
521
525
528
528
528
529
531
535
536
538
541
541
545
548
544
547
542
543
537
536
529
529
526
526
520
520
519
521
519
520
518
520
518
521
518
519
517
522
514
515
512
516
512
514
510
510
507
508
501
501
498
496
498
499
504
510
516
523
532
538
549
553
561
562
568
568
573
569
569
566
565
559
558
552
548
542
541
533
531
526
523
518
519
514
517
515
517
515
517
514
516
513
513
512
514
515
517
516
517
516
515
517
514
515
513
513
508
511
511
518
518
524
525
531
537
545
544
552
556
560
559
563
562
562
562
563
558
558
553
554
545
546
537
535
531
528
526
526
522
521
516
513
511
515
521
516
515
513
512
510
509
503
505
502
504
497
497
494
496
493
495
494
496
498
504
506
512
515
525
527
537
538
544
544
549
547
549
547
547
544
545
538
532
527
522
518
513
514
512
514
516
519
518
521
520
519
518
519
513
514
511
512
509
509
505
506
505
506
505
502
503
503
500
505
504
509
512
521
524
532
540
544
541
546
548
551
552
550
552
551
548
547
544
541
538
538
539
535
536
531
531
526
526
519
521
522
522
517
518
515
517
514
515
511
516
516
518
511
511
508
508
502
499
494
495
494
500
501
508
517
523
530
537
546
550
552
554
557
562
566
569
574
574
580
579
578
574
574
565
562
549
546
538
532
523
519
514
513
510
513
513
513
513
513
512
516
512
516
511
515
513
514
513
513
513
514
515
517
518
526
535
542
550
557
569
574
585
587
593
592
596
594
597
597
600
595
598
595
593
584
578
569
566
559
555
548
546
543
547
542
544
542
543
537
537
532
530
527
524
517
514
514
513
509
503
500
499
498
498
497
496
501
501
507
512
524
532
545
551
563
568
575
577
581
582
584
583
588
584
588
581
585
580
581
576
575
572
571
566
559
552
549
541
538
532
526
522
516
512
510
509
506
502
499
496
494
493
488
488
484
486
480
482
480
483
483
488
490
500
506
516
524
533
538
546
549
554
551
554
553
556
552
556
553
553
545
539
531
526
519
509
502
498
498
497
493
496
495
496
502
501
507
506
509
507
507
504
507
501
501
495
494
488
489
484
481
479
489
492
499
506
515
520
530
535
546
550
558
561
564
565
567
568
566
566
563
560
555
550
544
535
526
527
523
520
515
515
514
514
512
510
507
507
502
502
498
497
498
496
494
495
492
494
491
491
486
486
484
488
486
492
498
504
509
520
528
536
545
555
562
569
573
576
580
579
586
586
588
586
583
579
573
565
556
546
540
529
527
516
510
504
502
499
500
496
497
493
495
491
494
493
494
491
492
486
487
484
485
481
483
480
480
476
476
474
477
484
489
500
511
523
532
546
556
567
570
576
576
581
580
585
584
584
580
579
575
570
562
556
547
544
538
533
523
518
511
505
499
503
499
502
497
496
491
493
489
485
483
481
480
477
477
474
476
474
475
472
473
470
470
468
470
465
469
470
478
484
499
508
522
533
545
552
567
573
582
585
595
597
602
601
602
598
597
587
584
572
566
556
548
539
530
520
513
510
507
505
504
504
501
503
500
503
498
502
497
497
494
491
490
488
482
482
479
479
474
475
475
472
468
472
468
468
464
465
461
467
469
476
482
499
508
521
530
539
546
552
557
560
564
566
567
563
558
553
551
539
533
521
514
502
501
493
495
493
495
495
496
495
498
500
506
505
509
508
513
513
513
510
510
507
503
503
502
496
497
491
491
486
483
482
478
477
476
475
475
477
479
482
485
489
487
487
486
485
480
482
479
481
483
493
499
513
523
533
542
554
560
572
575
585
585
592
590
595
595
594
591
589
583
581
573
568
559
550
540
531
526
521
515
512
512
513
516
513
512
509
510
507
505
499
495
489
486
478
473
469
469
461
459
454
454
449
449
447
448
449
454
455
458
462
470
476
488
496
509
518
529
538
549
557
566
574
580
582
587
589
594
600
602
606
604
607
601
596
590
585
576
567
556
549
538
534
524
522
513
514
512
513
507
509
506
511
507
508
506
508
507
508
504
504
499
499
495
491
488
486
482
480
476
474
474
473
474
474
480
479
489
495
509
522
533
541
553
560
570
577
582
586
590
589
589
585
584
578
578
569
562
554
546
537
525
516
511
509
509
505
506
502
497
495
490
492
489
485
482
479
476
479
474
472
470
472
467
464
463
462
458
459
459
460
453
457
453
455
453
459
466
477
484
497
507
520
527
537
541
550
552
560
557
558
558
556
552
544
538
530
521
514
507
504
500
496
498
491
487
482
481
477
478
475
478
475
476
476
476
475
478
470
473
471
473
471
472
469
469
467
466
464
464
461
464
462
466
470
479
483
499
508
519
524
530
536
539
546
549
549
550
556
553
556
552
551
545
539
530
525
515
511
505
504
499
498
492
490
486
486
481
483
482
480
476
477
474
477
473
475
475
477
473
475
467
470
469
470
465
463
463
461
461
464
466
468
480
490
503
511
526
534
547
554
568
567
576
579
580
578
580
576
579
572
570
561
556
547
540
531
526
517
513
508
507
503
506
503
501
499
500
499
500
498
495
498
498
498
501
498
500
502
500
500
498
504
500
500
493
495
492
489
487
486
482
483
479
480
480
491
495
507
518
529
541
554
565
579
584
591
595
602
600
604
601
603
600
593
590
584
581
573
565
558
554
550
550
545
546
540
535
526
525
521
517
513
512
509
512
509
504
500
500
496
498
492
493
487
487
481
480
476
479
475
473
471
471
467
470
463
464
469
482
489
498
510
517
526
535
548
557
561
565
570
569
571
567
568
561
559
547
539
523
509
493
480
460
444
424
403
378
361
342
332
323
323
322
329
333
345
352
368
381
401
412
427
435
442
448
453
458
464
466
468
473
472
472
469
468
461
461
457
455
453
459
465
472
480
496
510
525
538
556
565
579
589
600
606
608
609
613
608
610
602
598
589
581
569
559
544
532
520
509
501
496
491
482
478
472
467
463
461
457
458
454
457
456
457
459
466
462
465
463
468
466
470
467
470
469
471
470
466
463
465
461
461
459
460
460
465
467
474
483
502
514
526
538
550
565
579
588
595
602
606
610
607
608
604
602
599
595
586
582
571
563
551
544
533
527
517
510
508
505
502
501
497
499
499
506
506
511
512
518
520
524
525
529
528
530
524
521
513
508
500
495
487
478
475
467
464
460
457
454
454
455
462
468
482
494
513
525
542
552
568
576
588
589
594
592
594
591
590
585
580
574
573
562
556
546
539
526
522
511
507
505
504
503
499
497
496
494
494
496
496
496
495
495
488
488
484
484
481
482
476
476
472
472
469
470
470
473
467
470
465
467
468
471
473
481
489
503
513
525
535
552
560
574
578
586
587
585
586
582
579
578
575
569
566
561
555
549
544
536
531
524
522
514
515
513
518
515
521
518
520
517
516
512
511
509
507
502
504
500
501
495
495
490
491
486
488
483
485
479
480
476
473
473
479
487
502
515
529
544
560
579
590
604
613
619
620
621
619
617
607
605
595
590
578
569
558
548
537
529
516
511
506
505
498
498
491
492
487
488
482
483
480
482
479
475
475
474
474
471
473
474
473
474
475
473
473
471
470
467
472
473
482
490
504
513
526
536
550
559
571
576
581
582
587
581
583
580
579
572
569
558
551
541
534
522
516
507
506
498
492
490
486
485
484
482
482
481
481
482
482
484
480
481
476
478
471
473
467
468
461
459
457
454
450
452
449
451
446
444
446
451
458
473
484
504
517
537
549
565
576
586
589
596
596
600
596
594
587
582
576
570
562
554
550
538
530
521
515
509
510
506
505
501
502
499
497
494
499
496
497
494
493
491
492
488
485
482
482
482
481
477
479
475
475
472
471
468
470
469
473
474
482
493
506
518
533
548
557
568
574
583
586
594
591
592
588
588
580
578
568
563
554
547
536
527
515
510
503
500
493
492
488
487
483
482
476
479
479
481
478
482
481
483
482
480
480
480
481
480
481
481
483
485
491
492
496
496
500
496
498
495
496
493
495
498
505
513
524
533
547
566
579
592
605
610
620
622
628
625
628
623
622
615
610
604
600
592
580
571
561
549
536
523
520
514
510
510
508
510
506
506
504
502
500
499
495
493
487
488
483
483
477
476
474
476
472
472
472
476
475
475
472
475
469
470
468
469
465
471
468
472
475
482
495
512
525
536
550
563
576
584
591
595
605
607
609
605
606
598
595
586
580
571
566
550
542
529
522
512
509
504
503
497
499
494
492
489
490
489
490
488
489
486
488
484
484
478
480
477
475
472
470
468
468
468
466
470
470
471
469
468
466
469
464
467
465
466
464
466
469
478
486
502
513
528
539
556
565
581
588
596
597
603
601
603
598
597
590
586
577
574
561
550
538
528
519
512
507
506
505
501
496
494
497
492
499
495
495
492
493
489
488
483
484
482
482
477
475
470
471
467
468
464
465
462
464
460
461
457
461
459
459
455
459
459
461
457
457
457
464
467
477
485
497
513
527
539
553
570
581
592
596
603
604
604
601
600
593
590
586
579
568
563
549
542
531
524
513
509
505
503
499
498
496
494
490
490
490
490
485
489
485
483
482
478
477
475
475
475
474
475
479
476
477
474
476
474
475
471
474
470
472
469
469
467
470
465
464
460
461
458
464
466
476
483
498
516
528
539
555
566
579
587
596
598
603
599
602
595
592
587
582
576
567
560
552
548
535
531
522
516
507
507
502
502
501
500
498
499
495
497
493
493
489
489
489
487
484
481
479
480
477
479
475
478
476
477
474
474
471
472
469
468
467
466
463
465
464
465
464
465
466
467
476
479
489
500
515
524
538
552
565
573
584
586
593
591
594
588
588
582
578
570
566
557
552
542
536
525
520
512
509
505
505
499
499
496
493
489
488
488
487
488
485
487
484
486
484
484
483
483
480
481
474
474
471
473
468
469
466
465
466
468
465
465
465
468
465
466
463
466
471
480
492
508
520
535
545
557
565
574
581
587
589
591
590
588
584
580
578
576
574
564
557
547
540
529
523
511
508
503
502
496
495
488
489
487
489
485
488
487
487
484
485
483
484
482
482
479
480
475
476
473
474
471
471
470
468
468
466
468
466
465
464
469
466
469
465
471
470
478
482
494
506
519
528
545
555
572
580
590
593
598
598
598
595
594
589
584
576
574
565
559
548
541
530
525
516
509
504
504
499
495
493
489
489
488
488
486
491
491
493
492
491
488
485
482
483
478
481
476
478
476
476
470
472
469
472
470
472
467
470
467
469
464
467
466
469
467
469
468
477
483
496
508
522
534
547
558
568
579
587
599
601
604
603
600
595
592
583
581
575
569
558
552
542
537
524
520
509
509
506
505
499
500
498
499
496
497
495
495
493
496
491
492
488
490
487
487
484
480
478
478
477
475
476
477
477
478
480
480
483
479
482
478
480
476
481
483
489
497
511
521
540
552
568
576
589
596
603
604
603
599
597
590
588
579
577
568
564
553
550
539
529
522
515
510
505
503
501
496
496
501
499
501
500
501
500
502
498
499
495
497
494
496
492
493
488
488
484
481
478
479
475
473
467
469
465
468
463
462
462
464
464
469
473
484
498
511
524
537
555
568
580
589
600
603
612
609
609
603
598
593
589
580
575
565
559
549
541
530
528
514
510
507
506
502
500
495
496
493
494
491
492
488
490
486
486
481
479
476
477
474
474
473
472
473
473
477
475
473
470
473
470
472
470
472
467
467
464
467
465
469
473
485
500
516
527
545
555
573
583
595
601
607
610
610
607
608
602
598
589
585
575
567
558
544
536
527
521
510
507
500
501
499
498
496
497
493
495
491
493
489
494
491
493
491
490
486
485
481
480
478
480
476
475
471
471
469
470
468
470
468
471
469
468
467
472
469
471
468
466
466
465
465
466
471
482
496
510
525
537
553
565
582
591
602
609
612
609
610
606
603
594
589
580
575
567
560
547
537
529
522
513
510
505
506
500
500
496
496
494
494
492
494
492
491
488
487
486
484
484
482
482
483
483
481
481
478
479
477
475
470
471
468
470
466
468
467
467
465
465
464
470
468
470
468
473
475
486
496
510
521
538
551
564
574
585
588
597
598
595
595
591
586
579
573
568
562
556
553
541
535
524
520
511
510
505
505
499
499
493
494
492
493
490
490
487
491
486
488
486
486
483
485
479
480
476
478
474
475
471
472
470
467
466
462
463
464
465
465
466
464
469
468
470
466
469
468
471
471
479
483
497
507
520
531
546
561
576
584
595
600
605
605
604
600
599
588
587
577
572
563
558
548
541
533
526
516
508
506
504
499
495
494
492
490
490
493
491
497
491
493
491
491
488
488
484
485
479
482
477
476
474
476
474
474
471
470
467
469
463
466
464
469
465
466
464
468
464
466
464
465
463
464
464
462
464
471
480
492
505
520
534
549
564
577
590
598
607
609
610
604
605
597
591
583
580
572
568
558
551
541
535
522
519
509
509
505
504
498
496
492
495
491
492
490
491
488
485
485
482
485
481
482
479
480
480
482
481
483
480
483
478
479
474
476
471
473
469
469
466
466
465
465
462
464
459
460
457
459
455
458
455
460
463
475
483
498
511
526
535
547
559
567
573
577
580
581
579
580
578
576
575
568
565
555
550
537
531
524
517
509
507
503
502
498
501
496
497
495
494
489
493
490
494
490
492
487
489
484
486
483
484
483
485
479
477
475
474
472
473
471
470
472
473
473
471
474
471
473
474
478
480
492
499
514
522
538
551
565
576
586
590
597
598
597
593
592
586
583
572
567
560
552
543
537
526
520
511
509
502
496
493
491
488
486
486
486
485
485
487
488
489
488
488
485
486
481
483
476
478
472
473
467
467
466
467
467
467
464
467
464
468
465
469
467
471
471
473
474
477
480
490
497
516
526
540
551
562
576
587
595
601
604
607
608
604
601
595
593
585
581
569
565
555
546
537
528
522
519
510
509
503
501
498
497
494
495
491
494
492
492
488
490
491
492
489
489
488
487
483
480
479
477
477
477
474
474
472
471
474
471
473
470
475
473
474
475
482
490
502
515
529
542
560
570
583
594
605
608
613
611
612
608
609
600
599
591
586
575
570
559
551
540
534
525
514
509
506
504
500
497
495
496
493
500
496
500
498
501
497
496
493
493
487
489
485
485
480
481
478
480
474
476
472
475
470
472
469
471
470
474
477
487
500
517
530
548
560
572
583
593
600
606
611
611
610
608
603
601
600
594
591
581
576
564
554
540
533
523
519
512
509
505
505
501
503
500
500
498
501
498
499
495
496
493
494
491
493
492
493
488
489
485
484
481
477
476
474
471
475
475
480
493
502
519
531
546
560
579
587
599
606
614
616
618
614
614
606
605
596
591
582
576
565
559
542
536
525
520
511
510
506
506
504
504
499
500
499
498
498
496
495
493
490
489
492
489
489
486
486
482
485
480
481
478
477
475
472
472
476
479
489
499
517
526
542
556
572
584
600
607
612
612
615
612
612
605
604
594
590
579
570
557
547
535
526
517
512
508
504
504
502
500
499
500
497
497
493
496
492
491
489
489
485
487
483
482
477
477
475
475
471
473
468
470
465
465
462
467
468
475
484
497
512
529
541
562
575
589
599
605
613
616
620
618
617
613
615
610
607
596
591
578
568
555
546
534
525
516
511
507
505
499
500
496
498
493
494
491
494
492
493
490
490
487
485
480
480
475
476
470
472
467
464
461
459
458
458
456
459
457
457
461
459
464
462
463
459
461
458
462
465
474
485
500
518
536
552
573
587
608
621
631
637
641
642
642
634
634
628
624
613
606
596
589
577
565
551
539
530
521
513
507
506
506
509
508
511
505
507
504
503
499
500
499
499
492
489
484
484
480
478
472
475
472
473
466
467
465
464
461
461
460
463
461
459
458
462
458
456
455
460
458
459
459
458
459
458
459
460
462
463
465
468
475
484
497
513
529
545
566
583
600
611
623
626
634
632
634
628
628
621
618
609
603
595
587
577
567
555
546
534
525
514
511
507
508
506
504
505
504
505
504
506
505
506
503
504
501
501
496
494
488
487
481
480
473
474
470
471
468
470
467
468
465
467
463
464
461
465
464
465
464
467
469
480
490
507
520
538
553
566
578
589
600
607
613
616
617
614
614
608
601
594
590
579
569
557
548
536
527
517
511
507
507
506
508
498
500
497
498
495
496
494
495
493
492
487
488
482
485
478
481
475
472
469
464
460
457
457
455
454
453
457
456
460
457
458
457
458
456
458
453
454
454
456
451
455
451
452
451
456
461
472
484
500
517
536
552
571
590
605
614
622
624
629
625
622
617
611
604
599
592
584
577
568
565
554
549
534
527
517
509
504
501
500
502
499
500
498
498
494
497
489
492
491
489
485
484
479
480
477
477
470
473
469
468
462
463
459
462
459
458
453
453
453
453
451
450
453
454
455
454
457
455
457
455
457
455
458
456
456
457
461
469
481
494
512
525
545
559
578
591
605
613
618
620
621
616
616
611
607
600
596
586
583
567
562
549
536
529
517
510
508
504
502
501
499
499
496
499
494
498
495
496
491
492
488
489
485
487
482
482
477
477
473
474
471
468
464
464
463
464
462
463
458
460
457
458
456
459
456
457
459
457
459
459
459
460
468
475
487
495
513
522
540
553
572
583
599
605
611
610
612
610
611
605
603
591
589
580
575
565
556
544
539
526
517
507
505
502
499
496
497
495
498
494
494
492
491
493
493
490
490
490
492
492
487
490
484
488
484
480
477
476
473
471
467
469
465
469
464
463
461
462
460
459
461
465
470
481
491
508
523
541
555
572
582
595
599
603
604
603
600
595
588
584
577
571
569
560
558
549
542
529
521
513
508
504
503
499
501
495
498
496
494
491
493
489
490
488
488
486
484
479
478
473
471
466
468
463
465
461
463
462
458
457
454
453
451
453
454
457
458
460
461
466
473
480
494
513
526
544
557
575
587
600
605
613
615
619
614
612
604
602
594
591
582
575
564
556
545
537
527
523
513
512
503
502
496
495
491
488
488
485
485
484
483
485
489
487
490
486
486
483
484
480
480
475
477
470
470
467
467
465
465
459
462
458
460
458
459
458
458
455
458
455
457
455
460
461
470
477
492
505
524
540
554
572
586
597
608
619
622
624
622
624
620
618
609
604
595
587
576
566
553
544
533
528
516
513
507
505
501
499
497
498
498
500
496
498
495
497
494
494
488
490
486
485
482
477
477
474
472
469
468
468
466
465
468
466
471
468
468
466
466
463
466
460
461
460
463
458
461
459
464
465
474
484
501
517
537
550
567
579
595
604
613
615
618
616
616
608
608
600
595
588
576
567
559
551
540
531
523
517
513
513
506
508
506
507
502
506
503
504
502
500
497
497
495
495
492
492
488
489
484
484
479
480
475
474
470
469
467
469
464
468
465
462
462
457
456
455
458
457
458
460
471
478
491
507
524
538
555
570
585
594
606
609
615
615
617
611
609
601
596
588
583
574
568
559
548
535
525
513
510
503
504
502
502
498
500
495
494
491
490
489
488
486
484
483
483
486
483
486
482
485
480
479
473
474
471
471
464
464
459
463
458
460
458
461
459
460
456
458
455
458
456
458
455
460
460
466
469
483
499
519
535
552
570
585
598
608
615
619
620
621
617
614
616
608
605
596
591
580
576
561
553
539
532
522
516
508
507
502
501
496
497
492
494
490
492
488
490
488
488
486
487
483
481
476
479
475
472
470
465
464
464
460
458
456
457
458
458
462
464
467
465
469
466
468
465
469
468
467
465
466
465
468
469
479
492
508
520
539
552
575
590
603
614
622
626
628
622
620
615
611
604
595
587
576
569
562
551
543
534
528
525
516
511
508
509
506
507
504
506
507
506
502
503
500
500
495
495
490
490
486
484
479
481
478
481
472
473
470
472
468
470
466
467
465
466
463
463
462
459
455
456
457
459
463
471
483
499
517
531
549
563
578
588
599
602
606
607
608
603
600
591
588
581
575
567
560
550
542
529
522
513
510
503
505
500
500
497
496
493
493
492
489
487
487
485
483
483
482
485
482
485
481
478
474
473
470
468
464
464
460
458
455
457
453
457
455
458
455
458
457
460
460
470
480
498
513
527
542
561
574
590
600
609
612
616
615
611
606
601
598
592
583
578
571
562
554
545
540
529
523
513
510
505
506
501
502
498
500
498
501
498
498
496
497
493
494
488
489
486
485
482
480
476
476
472
474
470
471
466
465
462
462
460
461
459
460
458
458
463
462
466
465
469
471
482
491
507
519
538
556
575
591
607
615
626
630
634
631
631
627
624
618
616
606
603
592
587
575
567
555
549
537
532
524
516
510
510
508
507
507
509
511
509
514
510
511
506
503
501
502
499
496
490
489
483
483
478
477
471
472
466
463
458
459
456
458
454
456
451
455
453
455
457
460
463
472
479
491
507
528
542
559
575
590
603
612
616
620
628
627
627
623
622
614
612
603
598
589
585
573
561
550
542
530
524
517
513
510
512
511
513
508
510
508
508
507
506
503
502
496
496
488
488
486
482
479
476
475
473
472
469
472
471
470
469
468
468
468
465
467
464
466
462
462
460
463
465
474
484
501
515
535
547
567
579
595
602
612
614
617
616
616
613
609
602
601
592
586
577
567
557
548
538
529
522
513
512
510
513
512
514
508
510
507
507
502
498
495
493
489
490
483
482
477
475
474
472
469
