Serial Number - 15
Age - 33
Medical Condition - Post Lunch
Time of Day - 2:56PM
BP - 124/75


0

591
589
586
580
574
567
564
554
547
540
532
527
523
0
505
518
527
542
553
563
569
578
586
591
590
592
591
589
586
580
574
567
564
554
547
540
532
527
523
0
514
484
461
446
437
432
433
437
440
443
452
458
465
468
471
473
477
476
479
477
482
480
482
481
479
477
478
476
475
472
471
469
471
469
468
466
468
466
468
468
472
474
484
493
509
521
537
548
557
570
579
586
597
602
610
611
611
612
609
609
600
598
588
582
570
561
550
545
537
533
525
523
520
521
517
514
507
511
509
508
503
502
498
501
496
497
494
499
492
490
484
483
480
478
478
477
474
473
473
473
472
472
475
478
481
477
480
477
478
476
477
474
478
475
475
469
470
468
470
468
471
469
475
479
492
502
517
526
543
554
570
576
588
591
598
599
599
599
600
591
587
581
576
569
561
555
547
544
535
528
521
517
511
513
512
513
510
511
507
507
502
503
499
499
493
495
489
487
483
482
480
479
473
474
471
473
469
470
469
470
468
468
466
466
464
464
463
462
462
461
465
464
463
463
466
463
465
462
464
461
462
458
462
460
463
465
475
481
495
510
522
534
547
555
569
573
583
586
591
595
598
593
593
590
586
580
573
564
557
550
543
534
526
524
520
519
513
512
509
512
512
511
509
508
506
502
498
495
488
489
482
480
476
475
474
473
467
468
466
468
463
467
466
468
466
468
464
468
467
470
470
468
467
467
467
467
467
469
469
469
473
471
476
474
474
474
474
471
471
467
472
474
484
491
504
513
524
534
545
552
562
567
572
575
580
577
580
576
576
572
573
567
563
556
550
541
535
528
523
517
513
509
509
510
508
509
506
506
502
501
497
498
494
492
491
496
491
490
485
487
480
480
475
476
473
475
474
475
469
472
470
473
469
472
471
472
470
473
471
467
470
468
466
465
465
462
464
463
465
464
470
469
467
468
469
468
477
480
492
498
508
514
520
525
532
537
545
548
553
552
555
551
552
550
547
541
536
532
529
520
517
509
509
505
503
498
497
495
494
494
491
494
493
491
489
488
482
482
479
480
474
474
469
468
465
466
466
469
465
465
463
468
466
471
467
469
467
471
470
471
469
474
474
478
474
474
472
473
475
475
476
476
478
479
480
477
479
480
486
490
497
501
510
517
527
532
542
545
551
551
556
556
560
557
555
554
557
551
548
540
536
531
527
523
518
513
515
510
514
511
513
510
509
507
505
504
503
502
501
500
500
497
496
496
491
492
486
486
482
480
476
475
473
474
471
474
471
474
472
475
472
477
473
476
474
477
475
478
477
479
475
478
473
478
476
478
477
477
476
478
484
491
499
513
518
525
533
538
549
549
556
556
558
560
560
554
552
549
549
544
544
537
534
529
527
519
521
518
517
516
514
512
514
512
516
511
513
510
511
507
506
500
500
496
493
488
484
484
483
481
479
481
481
485
481
481
479
479
477
479
479
477
478
480
476
477
474
475
471
474
472
476
472
474
473
471
470
476
478
487
493
507
514
524
529
538
544
550
557
560
563
567
571
573
574
571
577
572
570
566
565
558
554
546
546
539
536
528
526
519
521
514
516
511
512
512
513
511
511
508
510
506
505
499
500
498
498
492
493
489
492
486
483
482
482
483
482
482
483
486
482
485
484
486
487
487
485
484
481
480
480
480
479
480
479
486
484
493
501
512
518
530
538
549
555
565
567
573
575
583
582
582
576
577
574
573
569
564
559
555
549
543
544
536
538
535
533
529
528
524
525
518
518
518
519
514
514
510
515
512
513
510
510
507
507
501
501
497
496
493
493
491
492
490
490
487
489
488
490
490
487
485
484
483
480
481
481
485
482
485
483
484
484
489
493
501
508
521
527
539
547
560
565
576
580
587
587
589
586
587
584
583
579
577
572
569
560
556
548
546
538
540
532
526
519
519
515
514
514
513
514
513
514
512
513
512
514
512
516
515
513
509
509
503
504
502
500
492
492
488
490
486
488
485
488
481
482
478
479
480
480
479
481
479
481
477
480
478
479
489
499
509
521
533
543
553
566
577
583
593
596
601
598
598
592
589
583
579
571
566
559
553
544
539
532
531
523
524
519
520
514
512
510
513
512
511
511
512
508
509
504
502
498
497
493
491
489
488
487
485
489
486
487
485
488
484
485
484
486
482
483
478
481
477
479
478
482
476
479
471
473
472
478
477
489
497
516
525
536
545
559
571
580
586
592
594
597
596
596
591
591
590
588
583
578
574
564
561
551
546
540
535
526
523
517
516
512
512
510
510
508
512
505
506
500
500
498
499
493
491
486
485
481
479
475
475
474
475
468
469
468
467
468
467
468
469
466
468
470
470
473
473
473
471
473
467
470
468
468
467
470
469
470
473
482
488
501
511
527
539
554
560
571
577
584
589
592
591
594
590
592
586
583
577
575
564
558
550
541
537
533
525
525
525
520
516
512
511
510
514
509
509
503
502
498
497
495
493
492
493
489
490
486
485
479
478
477
481
479
480
476
479
480
481
480
482
481
484
480
481
476
475
476
475
475
473
472
471
470
470
472
468
476
474
477
477
481
486
497
507
517
526
536
544
551
553
561
560
561
556
552
544
535
515
503
487
474
454
445
433
425
413
404
391
377
363
354
344
338
331
327
324
320
325
322
329
331
335
335
336
334
336
333
333
329
326
320
319
316
317
317
318
318
318
313
314
304
299
288
284
274
268
260
257
245
236
225
219
212
211
207
211
216
228
244
260
282
305
336
361
395
420
450
474
496
511
525
532
542
549
556
559
566
565
567
562
560
554
556
550
548
540
537
531
532
529
530
529
536
535
537
540
542
546
556
562
571
580
590
600
609
621
632
647
656
668
676
689
699
712
721
735
749
768
782
801
815
833
847
865
878
891
900
914
922
930
933
939
940
947
945
947
942
942
936
930
921
919
910
906
902
901
896
893
887
879
870
859
848
833
822
803
792
775
764
748
741
727
717
708
702
691
685
675
669
659
655
644
641
633
636
631
629
625
622
616
614
608
606
599
597
588
579
575
568
566
561
558
554
556
552
550
544
544
539
538
532
530
522
515
510
509
506
507
502
502
496
493
489
489
486
487
483
484
483
486
485
492
497
510
517
528
538
550
554
559
559
563
564
568
570
565
566
563
564
560
555
547
543
537
535
525
524
519
520
515
518
513
514
512
516
514
513
510
513
510
511
508
510
503
503
497
495
488
489
485
484
480
479
475
470
465
460
461
458
458
457
458
460
465
467
469
468
473
474
484
492
504
513
525
536
546
552
559
561
569
567
569
563
562
557
553
548
548
543
545
542
540
534
535
529
531
525
524
520
515
511
510
512
515
515
515
512
507
506
502
504
500
500
495
497
494
495
492
495
496
498
496
497
494
495
489
490
486
488
486
487
480
482
478
480
478
483
485
496
502
512
516
518
530
536
546
551
556
561
564
566
571
568
572
569
569
565
564
556
555
544
539
532
528
522
520
513
511
508
510
507
508
506
503
502
500
497
496
495
494
489
493
487
488
484
485
483
483
479
475
473
470
467
467
464
464
467
465
467
468
468
467
467
466
470
469
474
478
488
497
511
518
530
537
546
551
559
560
564
568
571
569
573
566
570
563
563
560
559
553
553
543
543
537
532
528
524
522
518
517
516
516
511
514
515
518
516
515
511
513
510
509
504
506
503
505
496
495
489
487
486
483
482
482
478
480
477
478
475
477
478
479
480
486
493
500
510
518
526
535
544
553
561
566
571
571
574
573
574
571
570
565
564
558
555
550
546
538
538
529
527
520
518
514
515
514
516
512
514
509
508
504
505
498
499
492
497
492
492
491
487
486
486
484
480
480
479
479
477
479
478
479
480
486
491
505
513
527
531
543
549
560
563
568
569
572
571
568
561
560
557
558
552
550
544
540
534
531
523
519
517
519
513
512
509
506
506
505
503
503
503
502
503
502
499
495
497
496
493
491
491
485
487
483
483
479
483
480
477
477
476
474
476
472
475
473
477
473
472
472
474
471
473
474
480
485
499
505
512
521
530
537
544
554
557
561
562
568
569
570
569
567
563
562
555
553
542
540
530
532
523
520
514
514
511
514
515
516
512
513
511
510
505
507
503
502
497
497
492
491
487
485
486
480
480
476
475
477
477
475
479
478
482
481
477
475
478
477
477
476
477
474
477
476
473
471
478
476
474
473
474
473
477
481
491
500
513
517
526
531
539
545
554
553
559
558
561
560
557
554
552
549
547
541
534
532
527
525
520
519
513
516
514
515
511
514
513
514
509
511
505
506
500
499
492
494
489
488
486
486
482
482
479
481
476
480
476
479
476
480
477
474
472
468
470
470
471
471
467
469
473
473
477
477
480
477
478
477
479
477
481
483
491
497
507
515
525
528
541
548
551
557
561
561
566
567
569
563
564
559
554
550
549
544
542
533
526
523
518
514
510
510
515
515
513
515
511
513
509
508
505
504
500
502
495
494
488
489
485
486
481
480
477
478
477
475
472
477
474
476
471
474
471
475
473
475
472
476
472
470
469
469
470
468
470
470
470
471
472
473
483
491
501
512
522
531
541
549
558
559
567
567
569
569
569
565
566
562
561
556
555
549
546
539
536
524
525
519
518
513
513
511
515
513
510
508
506
504
501
499
499
497
495
498
495
496
492
491
488
488
486
485
482
482
480
484
476
478
475
480
476
479
476
478
476
476
472
473
474
476
475
477
475
476
474
477
478
479
480
488
491
494
504
517
526
535
543
548
562
568
572
571
574
574
575
569
567
562
559
551
549
541
538
532
529
521
519
514
514
511
514
511
511
510
510
504
508
503
507
503
501
497
498
495
495
491
489
487
487
488
483
487
486
486
486
486
485
487
485
485
481
484
480
481
479
481
480
481
478
480
478
482
479
483
484
492
500
512
519
530
539
549
558
568
570
576
576
581
578
576
576
571
567
560
560
556
551
547
545
540
538
532
530
523
524
518
519
513
513
511
515
516
517
512
513
510
510
504
505
501
502
498
497
491
488
484
485
480
485
482
485
480
483
479
475
476
476
476
478
481
480
480
479
482
482
485
482
483
486
496
502
515
523
537
551
565
569
582
586
593
593
599
596
597
595
592
585
584
578
576
572
568
558
554
545
542
533
527
524
518
517
515
514
514
517
516
520
519
522
518
517
514
510
505
505
498
495
494
492
488
487
484
486
483
483
483
484
480
482
480
478
480
482
479
481
478
482
478
480
479
482
481
483
482
486
493
503
514
522
533
543
562
569
575
580
587
588
592
588
589
585
583
577
577
571
569
564
562
550
547
539
535
529
529
524
521
517
517
512
513
512
515
513
514
512
512
507
507
502
499
498
494
487
486
485
485
483
483
488
486
490
488
486
485
486
487
485
485
485
482
483
480
481
476
482
476
478
477
478
476
475
474
481
482
495
503
519
528
540
548
560
568
570
574
578
579
581
581
580
577
578
579
573
572
564
560
551
548
540
536
529
525
518
519
514
517
515
518
515
515
512
513
507
507
505
504
499
500
494
495
492
492
489
489
486
486
484
481
478
477
480
480
480
478
479
477
483
483
485
485
488
487
486
481
481
480
481
477
477
476
477
480
488
495
507
516
530
535
544
550
559
566
572
572
576
576
574
567
567
558
555
551
547
542
535
531
527
523
518
519
515
517
512
512
512
515
513
516
514
515
512
515
508
507
502
503
498
499
491
491
485
488
482
482
479
481
477
479
479
479
478
480
479
482
481
483
480
479
478
475
475
474
474
474
479
476
477
480
488
493
505
514
525
531
541
548
558
561
566
567
570
569
570
569
569
562
564
561
557
551
547
541
538
532
530
523
523
519
515
509
511
511
513
512
510
508
507
508
507
500
498
504
498
497
492
492
487
488
487
485
481
483
480
479
476
479
477
480
477
480
478
479
477
479
476
480
477
480
478
479
475
475
473
476
474
474
475
479
483
488
502
513
521
529
542
549
557
558
565
565
569
568
566
564
564
562
560
553
553
546
543
534
533
525
523
518
515
511
516
513
515
512
512
509
509
504
507
504
505
502
500
497
494
491
490
487
487
483
484
487
484
488
483
488
484
483
480
482
481
483
482
484
478
482
477
481
477
481
478
482
478
480
476
477
473
474
473
482
485
491
498
513
519
524
532
539
547
552
556
556
557
561
566
564
565
559
559
556
554
548
546
539
539
532
528
523
516
513
516
513
516
513
517
513
511
507
509
505
506
501
503
500
500
496
496
492
493
490
488
485
482
479
479
477
477
478
478
484
480
486
484
485
486
488
487
486
482
485
481
480
477
480
479
480
477
479
477
483
486
495
501
513
514
524
529
539
543
549
551
554
556
557
554
556
553
551
545
543
542
536
534
526
528
525
527
521
521
515
516
513
515
513
515
513
514
508
508
504
505
504
502
497
500
495
493
488
488
486
488
486
487
483
484
484
486
481
485
482
483
482
480
479
478
481
480
482
484
488
487
488
484
485
483
484
481
481
484
490
495
508
513
521
528
538
540
548
548
556
556
561
559
562
560
561
555
555
550
551
547
545
538
536
529
525
518
514
512
510
514
514
514
515
520
516
518
512
514
509
509
504
503
497
498
494
493
488
485
484
485
481
484
483
483
485
487
482
486
483
485
484
485
484
485
483
486
481
483
478
484
481
476
475
474
473
475
476
479
490
496
510
515
524
530
541
546
553
555
559
558
560
557
561
560
564
559
559
552
554
547
547
539
537
531
529
525
522
516
518
517
516
510
516
515
516
515
513
511
510
513
510
507
507
506
501
500
494
496
493
493
487
487
482
487
486
486
486
488
486
489
486
489
484
487
483
487
486
486
484
484
482
481
478
481
477
482
479
483
482
486
494
501
511
521
532
542
549
555
562
563
567
566
569
565
567
563
562
558
555
552
550
544
540
531
529
522
523
517
519
514
516
511
517
517
520
516
518
511
513
512
512
508
504
500
496
493
489
488
487
488
489
489
488
492
493
496
492
494
490
491
490
489
486
487
485
489
485
487
484
486
485
486
482
484
482
486
482
482
484
492
498
507
514
523
526
537
537
542
545
550
553
555
557
558
558
559
562
560
560
556
554
548
543
536
534
529
528
521
520
517
520
513
514
514
518
516
519
517
519
513
512
506
507
503
501
496
496
493
492
491
493
488
488
488
486
484
486
486
485
486
483
488
487
491
487
488
486
488
487
492
487
490
487
490
484
490
491
499
502
512
518
525
532
544
547
558
559
562
561
564
563
566
563
565
561
563
558
554
547
545
542
539
535
532
533
528
528
523
521
517
521
517
515
512
513
511
516
513
515
509
512
505
505
501
501
497
497
491
492
488
488
485
488
482
487
486
484
483
482
480
483
482
480
479
479
481
479
478
479
481
481
485
485
487
488
497
503
513
520
528
535
544
551
559
562
567
569
571
570
572
568
568
564
565
561
562
557
557
550
549
540
536
530
530
524
520
517
515
514
514
515
519
519
519
521
520
519
515
517
509
510
504
502
495
495
491
491
489
491
490
490
486
488
483
488
482
488
486
488
486
487
485
484
481
484
484
485
482
483
483
484
485
489
496
504
514
525
533
540
550
558
566
568
573
570
573
571
571
568
568
565
567
562
554
546
541
533
532
525
526
521
524
518
518
516
516
513
513
512
514
510
512
509
504
504
505
500
498
496
497
499
505
509
512
518
518
523
524
521
514
508
498
493
485
482
476
474
469
469
468
473
473
479
478
484
484
492
496
508
514
529
536
545
547
552
556
556
559
559
562
561
562
564
563
562
562
561
561
558
551
545
544
538
536
529
528
520
519
515
515
512
516
514
513
510
511
510
508
506
506
501
505
499
498
492
494
492
493
491
492
489
490
487
484
483
483
483
485
481
482
483
481
484
483
484
483
485
484
485
483
489
493
501
510
518
523
533
537
545
552
556
559
563
562
567
564
569
566
568
565
568
561
559
550
550
543
538
534
528
522
520
515
512
512
512
515
514
517
514
518
512
513
509
509
504
503
499
496
492
491
489
489
485
486
481
482
480
481
480
482
484
485
481
485
480
484
480
484
481
482
480
480
477
476
476
476
476
481
483
489
500
511
520
525
535
538
548
554
560
556
561
563
565
564
566
563
565
560
559
555
556
551
549
540
536
527
527
521
519
513
514
513
513
512
514
515
512
511
508
508
506
503
499
498
493
497
497
497
492
491
490
490
488
489
484
489
485
484
482
480
481
481
478
479
479
481
477
483
479
482
479
482
478
478
476
478
474
479
478
480
480
479
478
482
484
492
500
509
516
520
529
535
542
545
550
550
553
551
555
552
556
551
553
550
550
546
543
539
538
532
531
522
524
519
520
511
515
514
517
516
518
514
515
512
506
502
501
501
498
497
495
493
490
492
490
491
489
493
489
487
483
485
482
486
482
484
481
486
483
481
481
483
483
482
481
483
480
482
479
480
477
481
479
481
479
482
483
493
498
509
514
522
527
534
537
543
547
551
553
554
556
554
553
547
544
538
542
536
531
526
523
517
518
513
513
511
517
516
515
514
515
510
511
506
507
504
503
497
498
493
494
490
490
486
486
484
481
480
478
479
479
479
479
478
480
485
481
486
483
486
486
484
482
484
481
482
480
481
480
482
480
481
479
483
483
488
494
503
511
520
522
530
535
542
543
547
545
548
547
550
549
547
546
544
540
540
538
539
540
535
536
529
526
521
519
512
516
512
514
513
513
511
512
509
508
503
505
500
498
493
492
488
491
486
487
482
485
481
482
481
482
481
486
484
480
477
477
478
478
477
477
478
481
482
479
482
481
484
479
482
480
486
490
498
503
514
519
526
532
539
542
547
547
549
549
551
551
552
551
548
545
547
543
544
540
532
528
523
518
515
516
518
516
515
515
514
518
516
517
514
511
508
507
502
502
496
497
492
491
486
487
483
485
483
484
482
484
485
488
485
484
481
485
482
487
484
487
486
487
486
481
480
482
481
481
483
486
492
500
512
518
527
533
542
543
548
547
552
552
555
550
551
547
549
542
544
539
540
536
531
528
524
520
519
516
520
517
521
517
517
514
518
515
513
511
508
505
505
502
500
497
496
500
497
497
494
494
493
493
489
491
491
491
487
487
485
487
483
486
486
488
485
486
486
487
486
495
498
509
514
524
526
534
540
546
550
551
555
555
554
554
555
554
554
553
554
551
549
544
543
537
536
529
528
525
522
517
521
521
524
519
523
519
520
517
513
509
511
505
504
497
498
493
493
489
490
488
491
488
486
486
483
484
486
486
486
487
487
492
488
492
494
499
500
510
513
520
525
533
540
548
552
561
565
570
568
570
570
574
572
574
570
573
565
566
559
556
555
552
545
541
535
531
526
523
520
520
523
522
522
522
523
521
522
517
517
513
514
510
510
502
503
501
501
495
497
491
492
488
488
487
487
489
491
487
488
485
487
484
485
483
485
484
487
485
494
502
512
520
526
533
543
547
554
559
563
574
574
578
578
584
580
583
580
580
576
574
567
562
554
552
543
541
533
532
527
525
516
518
514
514
510
515
513
519
516
518
517
517
514
514
506
502
499
497
496
494
492
492
495
493
493
491
495
492
493
491
492
489
489
485
485
482
485
482
482
480
483
483
489
495
504
514
522
525
534
536
546
553
561
563
566
570
575
574
575
572
574
575
573
566
564
559
554
552
545
546
538
537
534
529
524
524
519
520
515
515
511
512
511
512
509
510
504
504
500
499
495
497
492
494
490
489
487
490
488
489
486
490
487
485
483
483
483
481
483
480
482
482
485
484
488
489
496
502
512
517
523
527
536
541
548
553
558
561
566
563
567
566
569
566
569
563
562
557
553
540
536
532
529
526
525
519
514
514
514
510
511
513
511
508
506
506
504
506
504
503
499
500
495
492
487
490
487
489
484
485
481
483
481
482
477
482
480
484
479
479
476
479
477
479
476
477
478
484
485
495
503
512
517
526
529
539
546
551
554
558
567
569
573
572
575
571
569
565
566
557
556
547
543
534
529
523
521
516
513
510
512
510
512
507
509
506
507
504
503
501
500
497
495
489
490
487
486
482
479
479
478
477
477
475
476
479
477
479
476
476
474
477
474
474
472
468
468
471
470
472
470
473
474
481
484
496
506
519
522
527
532
542
543
550
550
553
555
560
556
557
555
559
554
550
545
541
536
531
523
523
518
514
517
510
512
510
513
509
511
508
507
501
503
497
494
490
492
487
487
483
486
481
481
478
478
475
480
477
477
476
477
473
475
473
474
474
470
469
468
465
468
467
469
470
469
471
470
473
469
473
475
481
485
492
502
509
515
525
528
535
538
543
544
546
542
545
544
545
542
543
534
535
526
523
517
516
509
513
513
513
510
507
505
506
501
499
495
494
493
492
496
492
495
494
492
488
490
483
484
481
483
479
481
479
478
475
477
476
478
475
477
474
477
472
473
471
474
473
473
470
468
469
471
469
470
472
480
486
491
499
506
513
516
522
523
527
528
531
528
531
528
534
530
530
526
527
523
522
518
515
512
513
508
512
507
508
506
505
500
501
498
499
495
494
489
491
489
486
483
481
478
477
478
476
473
474
477
473
473
468
465
458
458
453
450
444
440
430
427
420
415
406
402
394
391
387
385
381
385
385
393
393
400
400
407
408
411
413
417
419
424
425
431
431
435
437
441
446
449
450
452
456
457
462
459
461
458
458
458
461
455
457
456
456
449
450
449
449
449
449
449
450
448
450
443
447
447
450
448
450
448
449
446
445
443
443
443
445
440
436
432
432
431
432
432
432
435
439
444
445
455
466
475
483
494
500
510
515
519
519
522
526
529
525
525
521
520
516
514
509
510
509
507
497
493
486
484
478
482
482
483
484
482
482
481
480
480
481
482
481
480
483
482
483
479
482
481
481
476
478
474
474
475
476
475
475
475
476
473
477
474
478
475
478
477
479
476
480
478
481
479
484
487
493
496
504
508
511
521
526
531
535
539
541
540
541
542
540
544
539
540
535
539
535
534
530
527
522
522
518
517
514
516
513
515
511
517
518
521
520
519
519
519
512
509
506
506
504
502
496
493
490
485
483
482
481
481
481
481
480
479
482
479
484
481
483
481
484
478
478
478
485
487
493
498
507
512
520
517
524
529
536
538
543
544
548
548
550
549
552
547
546
542
535
530
529
525
521
517
516
515
514
515
516
517
515
520
519
520
516
519
512
512
506
505
500
500
496
494
491
489
485
487
484
485
485
484
483
487
484
487
486
488
486
494
495
504
513
521
525
531
535
540
543
547
549
553
560
561
561
560
563
560
559
556
557
550
549
543
537
529
530
525
524
517
518
516
519
517
516
515
518
515
517
513
515
508
510
507
507
502
503
498
495
489
487
488
486
485
485
488
486
490
484
485
483
487
485
484
480
482
484
488
491
503
509
522
528
538
541
545
553
555
559
564
564
568
566
569
563
569
566
566
563
560
556
551
545
542
537
533
531
531
530
528
527
522
521
517
519
513
513
512
514
514
515
510
508
502
506
498
498
494
495
490
489
486
486
483
485
482
486
480
484
480
483
478
480
478
479
477
475
474
474
476
480
489
497
509
518
531
538
550
553
564
568
576
577
582
578
579
575
576
569
569
564
560
556
549
542
538
534
532
529
528
522
523
518
515
512
516
516
519
514
513
510
508
508
505
505
503
502
501
499
496
499
497
499
496
494
492
492
487
486
481
483
481
483
479
478
476
478
478
482
481
486
485
492
490
497
502
511
516
525
532
544
549
560
564
573
577
583
584
581
582
580
581
578
576
573
572
569
564
556
552
544
543
534
530
523
520
511
513
511
512
511
512
508
511
506
505
501
501
497
494
492
487
484
483
477
479
472
476
473
470
468
463
464
463
462
462
462
460
459
456
453
452
449
449
452
451
453
450
452
447
446
443
444
438
437
434
435
437
444
445
457
462
476
484
493
499
511
515
526
529
534
535
542
540
543
541
539
538
534
531
525
524
520
518
517
517
518
516
509
507
502
498
488
486
480
483
479
480
475
479
480
485
481
483
482
482
477
475
473
476
478
483
486
493
503
513
519
533
540
548
555
561
565
570
573
573
572
574
574
572
570
566
564
558
555
551
549
542
539
533
531
523
522
514
513
506
508
507
508
504
507
504
505
502
501
497
497
491
493
489
489
484
481
478
476
472
474
474
474
474
472
476
476
480
477
480
479
481
477
478
474
476
479
487
491
503
511
522
524
535
541
551
556
562
561
566
565
567
566
570
567
570
566
565
557
557
552
545
538
531
526
522
518
514
510
513
519
517
519
516
515
512
510
506
504
502
498
492
492
483
487
480
481
479
480
479
480
476
478
474
479
478
480
477
482
478
480
476
478
475
472
472
474
471
470
468
470
471
476
484
493
507
517
528
533
544
548
556
559
565
566
568
566
570
566
567
558
559
552
550
544
539
534
533
526
519
513
513
510
514
511
513
510
510
507
507
504
502
499
496
494
491
487
486
489
485
485
484
483
478
479
475
476
475
475
474
475
472
476
470
474
472
476
473
475
472
471
471
474
475
482
491
503
510
519
522
535
537
547
549
553
554
555
552
548
549
547
543
540
536
531
533
528
525
520
521
516
516
511
512
508
512
509
511
506
507
505
506
501
500
496
495
491
491
484
484
481
481
475
477
474
477
474
478
475
474
473
473
472
471
470
470
470
469
472
472
479
482
492
498
508
515
521
525
535
537
545
546
552
552
555
553
557
553
553
548
549
542
542
535
533
527
527
520
519
513
512
509
509
509
508
508
507
501
498
495
491
497
494
496
495
495
491
490
486
487


