Serial Number - 16
Age - 28
Medical Condition - Underweight, Post Lunch
Time of Day - 3:03PM
BP - 128/80


0
7
439
6
522
511
504
499
495
488
483
478
475
471
466
462
460
457
454
450
446
443
438
436
436
434
436
437
439
6
522
511
504
499
495
488
483
478
475
471
466
462
460
457
454
450
446
443
438
436
436
434
436
437
439
0
445
413
396
382
381
381
386
392
403
411
423
433
447
461
480
493
510
527
540
550
560
570
579
582
582
583
579
574
566
559
545
535
521
512
500
492
482
481
474
474
466
467
461
459
456
459
456
457
453
454
450
452
448
451
450
456
456
461
460
464
466
468
468
468
471
472
474
472
467
463
465
460
456
446
443
429
420
406
393
376
369
356
349
345
350
359
376
392
416
438
465
487
509
523
540
553
571
580
590
595
601
603
606
601
596
592
587
581
574
565
558
550
547
545
537
534
526
521
513
511
507
507
503
504
497
495
492
492
486
486
482
485
481
484
481
486
483
485
483
484
482
482
479
485
489
497
504
520
536
551
565
578
587
595
603
609
608
605
604
597
591
578
567
552
544
531
522
510
508
501
499
492
490
485
487
484
484
480
479
475
475
469
466
458
456
453
448
440
433
425
425
417
411
405
396
393
386
380
375
371
372
371
367
367
370
378
385
399
408
427
440
451
458
466
471
476
478
484
484
486
485
489
487
489
485
487
484
484
480
482
477
477
475
477
473
476
473
476
474
474
473
472
477
475
476
477
477
476
478
477
477
474
475
470
472
469
467
462
466
462
472
472
480
487
499
508
517
518
527
530
531
526
525
518
516
510
510
499
493
488
486
477
466
461
460
460
458
459
461
465
465
472
474
477
480
483
484
484
480
478
477
475
472
470
465
468
463
464
458
461
460
460
461
466
468
478
485
499
509
524
535
548
555
564
567
566
562
559
554
551
539
535
529
525
519
511
509
502
504
502
500
496
496
493
494
494
493
490
494
491
494
493
491
490
494
493
494
491
491
487
486
481
477
477
477
472
471
468
473
474
479
489
501
517
535
548
557
566
574
586
587
590
587
584
578
577
569
565
559
553
545
536
525
517
509
507
501
501
496
498
494
495
492
494
491
491
489
490
487
487
483
482
478
475
473
472
467
468
466
466
463
463
465
464
465
464
463
467
474
485
500
511
530
541
556
562
572
573
581
581
582
576
576
572
571
561
557
549
546
540
536
528
525
515
511
503
499
495
494
490
490
488
489
490
490
494
491
489
487
486
477
473
470
470
468
470
465
466
464
466
461
464
464
467
466
469
467
467
466
471
468
472
470
473
472
476
473
479
485
496
504
521
534
548
560
569
574
579
585
587
587
581
578
572
569
559
554
545
538
530
527
519
516
512
517
517
522
519
522
520
520
515
512
501
497
486
479
468
464
455
454
452
456
460
469
477
482
493
500
507
515
524
532
542
549
549
549
557
556
559
557
557
553
552
546
543
544
549
555
566
575
587
595
607
612
626
634
645
653
665
671
682
691
700
702
710
712
719
721
719
716
716
718
718
714
713
714
708
703
695
688
677
676
664
657
645
634
621
613
603
595
586
579
570
566
557
556
548
553
549
550
546
547
545
546
545
546
540
543
539
539
533
529
524
521
521
525
530
536
549
556
566
569
575
576
580
576
575
566
564
549
541
524
511
496
480
454
430
398
368
334
293
259
228
196
171
145
125
106
95
82
80
78
77
79
85
97
112
136
157
184
209
237
262
294
317
341
361
382
397
413
419
424
426
428
421
418
411
408
400
395
387
386
380
381
383
393
399
417
433
450
463
478
488
497
501
498
494
490
481
468
456
439
427
409
394
374
360
349
344
341
346
347
355
363
375
380
396
404
418
426
440
450
468
482
498
513
529
540
552
559
571
576
583
583
578
570
558
539
523
506
493
479
467
453
441
435
427
425
420
422
425
432
433
444
447
456
462
469
475
484
495
507
517
528
533
544
545
546
544
548
544
550
548
547
543
543
536
533
525
517
508
505
498
495
491
491
491
492
493
489
492
486
484
486
492
490
495
493
499
492
493
490
493
494
498
500
502
504
507
506
510
509
513
510
512
508
510
505
504
502
500
496
500
502
507
512
519
523
527
534
538
547
550
555
551
550
548
545
536
532
520
512
505
500
489
477
462
457
445
441
438
436
436
442
447
457
463
474
478
486
484
490
487
487
481
474
469
461
454
450
440
439
433
426
427
419
417
408
403
396
395
389
389
390
396
400
409
413
419
419
425
420
420
413
414
409
412
411
413
415
418
426
438
449
469
491
518
535
549
565
576
579
576
568
552
540
531
524
513
510
510
512
510
512
510
510
500
493
482
475
463
451
441
440
436
439
440
447
451
463
468
483
485
494
495
495
488
488
482
478
470
459
451
451
449
451
458
469
485
503
523
537
561
575
591
600
608
609
614
612
616
609
609
599
594
587
580
568
561
549
544
533
527
522
521
518
518
509
507
501
507
501
501
496
490
486
482
478
471
469
465
461
454
457
451
448
443
441
434
431
429
430
426
424
420
421
420
428
431
439
445
452
456
462
462
467
468
471
469
471
471
478
481
488
491
499
508
517
522
532
535
541
545
549
555
557
563
564
564
563
562
556
551
544
537
528
523
519
514
512
515
511
514
510
513
509
512
509
511
507
509
506
506
503
506
507
517
523
531
543
558
563
576
581
587
589
594
596
597
598
597
594
593
594
591
588
580
576
570
567
563
560
556
560
564
572
570
575
576
580
583
591
590
595
594
597
595
596
594
596
596
599
593
594
591
592
588
586
582
579
579
576
573
569
567
571
577
584
599
610
629
641
655
670
679
686
691
693
692
694
693
682
682
667
661
644
635
617
604
586
571
555
543
528
520
508
503
497
499
495
496
495
495
497
498
500
502
503
504
512
514
517
518
520
520
525
524
528
529
534
534
535
534
531
527
522
514
510
503
500
492
491
493
502
509
519
529
540
552
566
576
580
582
592
588
590
590
587
585
584
580
578
575
574
577
576
578
576
577
579
580
578
582
581
583
580
578
570
569
560
550
541
533
516
507
491
482
463
453
439
429
417
413
405
403
397
395
388
385
382
378
373
377
379
385
398
417
447
473
505
533
563
589
609
624
635
644
652
649
651
644
639
625
624
613
603
590
579
565
551
533
521
504
493
474
458
433
409
377
342
301
262
231
214
212
220
239
271
307
348
391
431
469
496
526
542
558
564
570
568
566
557
552
544
542
536
537
535
542
546
551
552
554
554
556
551
550
543
542
535
533
525
519
510
511
503
494
483
471
462
451
447
441
437
435
436
434
437
435
438
436
443
443
452
454
460
458
459
457
457
453
454
449
450
445
446
441
443
441
442
441
441
441
446
446
454
460
468
477
490
499
511
524
532
542
552
556
564
568
567
565
563
561
554
550
543
540
531
528
518
514
509
507
499
494
486
486
482
481
479
483
483
488
490
494
493
498
497
500
496
496
489
489
486
484
479
473
470
470
468
463
462
462
462
464
467
465
471
472
476
477
483
493
504
516
530
541
564
579
596
610
623
633
641
645
650
651
651
648
651
644
644
634
630
618
611
601
596
589
583
579
575
575
575
580
585
590
595
605
608
614
614
616
611
609
595
589
577
569
556
553
538
530
518
513
504
503
492
488
480
477
475
470
466
467
464
465
462
466
467
480
489
507
518
528
538
548
558
564
568
573
578
579
584
581
581
575
575
569
566
559
557
552
547
538
535
532
531
526
523
516
515
508
500
487
475
460
447
430
414
405
406
405
418
431
451
470
493
513
533
549
559
562
557
547
525
509
480
451
416
378
350
327
309
300
294
298
307
327
349
384
428
473
511
556
591
625
649
670
678
683
679
668
648
631
610
588
563
542
519
500
484
476
465
463
459
460
461
464
471
473
480
483
487
492
500
502
505
505
510
509
513
509
512
505
504
496
490
478
473
467
466
464
469
473
489
501
519
533
551
562
578
586
590
590
593
592
589
586
579
574
568
564
552
543
533
527
516
512
505
505
503
502
498
496
495
498
496
498
495
496
494
497
493
496
494
496
491
492
490
491
488
490
484
488
485
485
481
481
477
476
476
472
472
475
481
485
495
502
515
524
535
541
550
551
555
553
555
551
551
545
542
534
530
520
517
508
507
501
499
495
495
489
488
486
490
489
491
489
493
490
494
493
492
493
492
491
488
485
484
485
482
479
477
478
476
473
469
469
464
466
459
462
459
461
462
466
468
472
477
491
500
516
527
544
552
563
566
570
569
568
559
555
547
541
530
526
514
507
502
496
489
482
477
475
476
475
480
480
484
482
486
485
489
491
493
494
501
502
507
509
515
515
517
516
512
505
503
494
491
479
471
461
457
450
446
442
444
444
450
454
463
472
481
487
494
496
493
485
470
449
425
407
381
365
348
340
338
346
356
368
384
407
427
450
466
481
492
502
501
499
488
481
465
453
431
414
397
387
379
379
379
382
384
390
391
395
397
407
408
407
399
392
381
367
356
340
328
314
312
309
316
331
356
386
422
457
495
522
554
566
577
578
581
574
570
559
554
542
539
529
531
528
535
541
552
563
578
587
599
602
607
605
598
586
575
561
544
527
507
493
474
461
445
430
413
400
384
374
364
362
361
369
374
383
390
404
415
428
438
453
465
482
490
503
509
520
528
537
537
536
536
533
530
529
527
525
523
525
523
519
514
512
512
503
497
488
481
476
475
466
466
463
467
464
471
475
482
488
497
503
515
524
542
552
568
585
602
614
632
645
662
673
691
705
719
729
739
744
750
756
763
772
776
780
783
788
785
784
778
773
759
747
730
709
682
656
622
584
548
517
484
459
430
414
402
403
412
431
455
487
523
568
615
666
711
756
790
819
838
849
849
835
816
787
756
720
682
641
598
543
505
470
443
412
392
377
367
359
362
364
376
387
401
412
430
448
469
488
511
528
555
570
589
598
608
611
618
614
613
608
605
594
588
573
567
553
541
528
512
500
485
470
457
445
435
427
414
404
390
378
364
355
334
324
304
290
271
250
233
217
206
201
193
202
215
237
259
293
324
357
391
426
454
486
512
533
547
562
570
584
590
596
600
603
607
605
604
598
595
590
588
582
575
561
554
542
536
527
529
528
534
537
546
553
567
580
594
609
628
644
664
675
693
701
712
714
717
712
707
702
699
689
686
679
674
668
658
648
636
622
605
590
571
559
544
536
522
511
504
505
502
503
501
508
509
516
517
525
527
533
534
535
534
534
531
530
523
521
512
506
498
496
485
479
471
470
466
466
463
464
461
459
458
459
459
461
463
466
474
479
489
498
516
532
552
567
587
597
613
619
623
623
623
620
620
613
611
601
597
585
572
561
553
542
538
524
520
511
517
512
512
508
510
508
507
505
505
506
508
507
503
504
500
497
495
491
484
484
481
479
472
469
465
463
458
460
455
459
461
465
467
474
483
500
514
533
546
563
576
585
585
589
585
584
579
576
567
562
555
547
542
536
528
523
519
518
514
515
516
515
516
514
513
510
511
509
510
506
507
503
507
501
503
499
498
493
494
489
488
483
483
476
477
470
470
465
466
462
463
458
460
459
465
466
472
483
496
513
523
533
545
558
563
573
575
576
574
568
561
551
543
540
529
524
512
509
505
507
503
504
500
501
498
500
493
493
490
491
487
488
484
481
478
478
473
473
467
464
461
458
457
460
460
459
461
460
467
466
472
471
473
472
472
469
468
466
468
465
469
466
469
469
477
481
490
496
510
515
526
531
541
547
555
557
562
559
561
556
553
549
545
538
535
525
517
512
509
506
505
501
500
502
497
498
495
500
495
499
496
497
495
494
491
487
484
488
483
482
477
479
473
476
475
475
472
474
473
471
466
468
466
470
468
471
466
472
475
483
490
501
512
523
529
535
539
546
546
548
552
549
550
545
545
538
536
528
524
517
511
510
510
505
506
498
498
493
495
490
492
486
487
482
479
474
474
468
467
459
462
459
460
461
460
464
466
470
474
475
477
477
476
477
475
476
473
472
468
467
460
464
460
461
460
461
459
462
462
464
464
470
474
483
489
502
513
523
527
536
536
543
544
542
538
538
531
530
521
513
506
502
495
485
481
477
472
471
473
470
472
474
477
479
483
484
492
496
501
501
507
507
512
506
507
501
501
495
496
493
490
488
493
489
487
485
484
481
484
479
478
474
473
472
469
470
469
471
474
482
486
495
498
507
512
520
525
531
534
536
534
534
531
531
524
523
516
516
506
503
497
496
492
489
489
490
488
492
488
491
489
490
487
487
486
487
486
485
483
484
482
480
481
480
484
480
480
476
479
478
480
476
476
470
472
469
468
468
467
463
467
466
468
469
478
486
499
505
518
524
529
531
535
533
537
537
537
533
527
524
523
518
517
513
510
513
516
518
512
512
509
506
503
503
499
502
497
498
493
495
495
497
495
496
494
496
493
495
492
494
489
492
489
490
489
488
484
484
481
481
480
483
481
487
487
493
501
512
523
534
540
543
554
560
566
568
570
568
570
567
566
562
562
556
554
545
542
537
534
525
523
517
512
507
506
499
497
491
493
490
491
489
489
487
492
488
490
489
492
496
496
495
494
494
495
495
491
488
487
488
484
484
479
480
480
483
480
484
486
494
496
506
515
524
531
541
543
550
553
554
552
553
547
547
542
538
525
517
506
501
493
485
478
471
463
460
457
455
456
463
466
470
481
485
493
495
502
505
511
512
516
517
520
521
524
520
520
513
515
506
504
501
501
499
500
498
499
499
505
509
521
528
542
548
558
558
557
558
555
553
551
546
545
540
536
533
528
528
521
518
511
509
505
506
500
499
497
498
496
496
495
497
494
498
496
500
500
502
502
502
499
500
498
498
496
496
491
492
491
485
483
483
486
483
482
482
484
489
495
502
512
519
535
545
555
562
571
572
572
569
567
560
559
551
550
538
534
523
517
506
501
492
485
473
468
459
455
451
452
449
454
456
457
460
463
467
472
475
478
480
483
488
487
490
487
490
485
489
484
485
480
482
480
485
489
498
507
524
540
559
575
596
606
622
626
632
628
628
620
618
612
611
604
598
590
584
577
569
566
558
554
550
543
543
537
535
537
536
538
534
535
530
530
526
525
520
524
520
517
513
512
512
515
512
512
508
507
502
499
492
489
481
478
474
476
475
483
491
504
514
526
537
549
560
569
576
578
577
573
568
561
554
544
536
528
524
520
524
519
528
531
542
548
556
563
572
578
585
588
594
594
599
597
602
600
604
598
597
594
593
587
585
574
564
555
544
532
520
512
503
499
493
494
488
492
492
498
503
512
522
536
548
566
574
586
591
596
593
594
589
588
581
577
570
565
556
548
537
531
522
520
512
511
509
512
511
513
508
512
507
503
499
495
493
489
488
486
483
481
481
478
478
472
471
466
468
464
461
457
457
453
455
455
458
458
464
468
477
481
495
503
514
521
535
547
562
573
583
589
598
601
606
602
599
598
594
590
586
583
579
575
571
569
562
559
553
550
542
541
532
530
522
523
519
520
517
516
514
515
514
515
511
516
514
514
509
507
500
498
494
493
489
488
483
484
480
480
475
474
474
474
476
479
487
497
508
518
533
546
558
562
572
577
586
585
588
584
588
584
582
575
569
559
552
544
538
529
524
515
512
508
508
504
508
505
503
501
503
499
499
495
493
491
489
487
487
485
485
484
483
482
479
480
476
476
470
469
468
467
462
464
458
462
460
464
461
465
465
468
466
468
466
469
471
481
483
496
508
521
526
533
537
548
552
560
562
563
563
563
562
562
558
554
547
540
538
529
528
516
514
510
510
510
510
504
504
500
500
495
495
492
494
486
486
481
478
477
476
475
475
469
470
467
469
464
465
465
467
467
464
465
463
462
464
466
466
464
464
467
464
463
462
463
461
464
463
466
468
471
474
486
492
506
515
527
534
541
542
548
546
552
548
548
543
543
534
530
523
519
513
512
506
502
493
494
488
485
484
483
485
484
485
486
488
488
491
488
491
488
489
485
485
482
485
483
488
482
483
478
479
474
476
475
474
473
473
469
469
466
468
469
470
468
468
466
465
464
469
465
466
469
473
476
483
487
495
509
514
523
529
535
536
539
535
538
534
525
515
513
506
505
499
497
491
495
495
497
490
492
488
489
485
488
485
487
486
488
483
484
483
484
483
479
480
479
478
478
478
479
480
480
479
476
479
475
478
475
475
472
474
472
473
470
471
469
471
470
472
468
472
470
475
477
485
492
500
505
513
511
520
519
522
520
524
521
522
515
510
506
502
501
496
496
495
495
497
498
498
497
495
497
492
495
492
495
490
488
485
488
484
485
481
483
480
484
481
484
480
484
486
486
485
485
484
485
482
485
480
480
478
475
472
469
469
471
474
474
478
481
491
495
502
507
513
515
522
525
527
526
527
524
526
524
524
522
522
516
516
511
513
510
511
508
507
504
507
498
499
493
495
491
492
487
485
484
480
480
481
483
483
484
484
486
487
487
483
487
488
484
483
484
482
483
483
483
483
484
483
484
480
482
480
484
482
487
486
487
489
496
498
506
510
522
525
531
529
534
534
528
524
520
518
517
516
512
510
510
516
510
512
504
503
496
497
491
489
487
489
487
489
487
485
486
489
487
492
490
495
494
497
494
497
494
494
493
492
488
488
483
482
476
471
468
466
466
468
470
472
474
476
482
488
497
503
510
515
521
524
532
531
537
532
536
532
528
522
522
517
514
512
512
503
502
496
494
487
490
487
487
485
485
484
485
482
487
487
493
492
490
491
491
493
494
493
494
497
495
496
491
493
491
494
492
494
492
494
494
496
496
505
510
518
520
526
532
541
548
553
555
559
556
554
549
545
537
535
524
518
509
508
502
498
494
486
482
483
483
481
483
487
490
493
498
498
503
502
504
499
499
496
495
491
493
488
488
483
486
483
485
482
484
482
484
483
482
481
482
480
485
486
491
490
497
500
509
512
515
519
523
528
532
535
537
537
537
539
536
536
531
530
524
521
515
515
511
510
507
508
503
503
500
498
497
498
494
494
491
490
487
492
490
493
491
496
492
496
494
494
493
494
491
492
491
490
489
488
490
488
490
495
502
504
513
520
527
531
540
542
550
551
556
550
549
545
546
539
538
531
531
524
524
516
515
512
513
510
513
511
512
512
511
506
504
502
501
501
500
500
501
501
500
507
506
509
508
507
501
501
497
498
494
497
495
495
492
495
493
496
497
504
509
518
524
536
540
548
549
555
557
557
553
555
551
552
544
537
532
528
520
517
511
513
513
515
517
515
515
512
512
509
510
510
513
510
512
507
510
506
510
506
508
506
506
505
506
499
502
500
503
500
501
499
502
498
500
497
498
497
501
502
506
514
523
534
541
552
560
567
573
577
577
578
576
578
575
574
568
564
553
550
540
534
528
524
519
519
516
515
516
519
518
522
520
522
520
523
522
524
521
524
521
523
516
518
515
516
512
511
509
509
508
505
505
502
504
504
503
503
504
504
507
507
514
518
530
539
552
556
566
570
576
578
581
580
578
572
566
556
551
543
540
532
530
522
522
517
517
514
517
518
522
522
520
517
517
516
517
515
514
515
515
518
514
515
512
513
510
507
504
504
498
499
495
495
489
492
492
491
492
492
493
494
491
493
491
495
492
495
489
491
490
496
498
510
519
535
544
557
569
580
584
586
590
591
592
593
595
592
591
586
582
575
570
562
557
548
545
534
532
527
525
518
518
515
516
514
516
515
517
515
518
513
517
515
518
514
513
509
506
502
504
503
503
506
505
502
501
501
498
500
498
497
495
496
496
498
500
508
515
527
534
546
553
565
567
576
577
579
578
583
578
577
573
571
564
560
553
549
542
539
531
527
522
516
513
512
514
515
514
516
517
515
515
514
517
513
514
510
510
505
506
500
499
494
495
489
488
482
482
482
481
479
480
477
478
476
476
472
475
469
470
468
466
465
464
461
462
461
464
463
464
464
467
471
479
488
499
517
523
532
538
547
551
557
559
561
558
560
554
551
542
544
537
534
527
523
517
511
508
507
504
503
497
500
493
495
490
494
491
497
496
499
500
500
497
496
497
497
497
494
496
496
497
495
494
489
492
489
489
484
482
480
480
476
478
474
477
474
477
477
480
491
499
506
513
520
527
532
540
540
544
544
548
544
544
539
533
528
524
519
515
514
511
515
514
512
508
507
503
501
495
497
493
493
493
494
492
494
490
492
488
490
486
487
482
484
484
484
483
482
480
482
477
479
479
483
479
478
475
479
475
474
473
473
474
477
477
475
476
477
483
482
493
498
508
517
525
530
536
539
547
544
539
537
537
531
534
529
527
523
523
519
516
510
515
513
516
510
511
507
505
503
503
498
497
494
497
493
494
491
492
492
491
492
491
494
493
495
490
490
486
487
484
484
480
481
476
477
470
473
471
475
474
478
476
479
477
482
484
493
497
508
510
521
525
531
534
535
532
529
526
521
520
519
518
517
514
513
516
512
514
507
509
507
507
505
503
500
500
497
497
493
494
496
497
494
496
494
494
491
490
487
485
484
484
481
480
477
479
476
476
471
468
465
461
459
460
459
461
462
462
463
464
471
475
477
476
481
480
485
480
484
481
488
492
497
502
510
513
516
517
521
520
525
524
526
525
526
522
523
517
517
511
513
508
504
503
505
502
500
499
498
498
494
494
492
495
493
495
492
496
498
498
499
501
500
502
500
503
498
503
500
502
502
505
503
502
504
505
502
503
502
504
503
508
508
516
522
533
541
555
560
565
569
574
575
576
574
572
570
565
564
557
553
542
538
530
528
524
521
523
521
518
521
519
524
525
532
531
533
527
527
523
523
517
519
517
518
513
514
510
512
512
513
512
511
511
512
511
510
505
506
506
503
504
501
501
498
500
498
502
504
508
511
519
525
536
540
546
549
553
552
556
552
552
545
543
539
535
533
535
528
525
517
512
505
503
497
492
489
490
489
491
489
493
495
495
496
495
497
494
494
490
492
489
489
486
486
484
485
485
487
485
489
484
488
484
485
485
487
488
489
486
491
490
498
501
508
515
526
533
541
546
548
547
547
545
543
539
537
531
527
523
516
514
508
506
498
498
494
494
489
488
484
489
487
489
486
488
487
488
486
486
487
489
486
488
484
486
483
485
481
485
482
485
481
482
479
476
478
475
474
476
474
477
476
478
485
488
497
503
509
512
517
519
525
524
526
524
527
522
523
520
523
515
515
510
509
504
502
496
491
485
484
481
482
482
487
487
492
494
497
503
506
506
507
510
509
509
509
510
507
511
509
504
499
498
492
492
486
485
483
484
483
481
482
486
487
496
499
506
511
521
526
532
534
541
540
545
542
542
535
538
535
533
527
520
515
512
509
505
504
506
514
515
517
515
516
513
513
510
511
507
512
510
509
510
509
507
508
503
507
503
506
506
505
501
501
498
501
497
499
496
497
494
496
494
498
500
506
511
517
525
534
540
545
546
555
559
559
562
561
562
558
560
553
553
548
541
536
532
528
529
522
520
515
515
512
517
514
521
520
521
518
520
516
520
512
513
509
510
507
507
502
499
498
499
498
497
496
497
497
499
500
498
501
497
499
493
492
489
494
489
493
494
500
507
516
520
527
534
547
552
563
564
570
569
573
569
569
562
564
555
553
547
544
538
533
527
522
518
518
515
515
515
516
517
520
526
527
533
532
534
533
535
531
533
532
532
527
527
522
522
515
515
510
511
508
506
502
501
498
500
493
496
495
495
489
489
486
486
487
490
492
495
501
510
518
529
542
553
564
571
583
585
592
591
594
592
595
591
589
584
582
576
574
567
565
558
555
546
540
529
525
520
519
516
515
510
517
516
519
516
516
515
516
512
506
502
498
493
488
484
480
478
478
480
476
482
482
487
490
494
495
498
497
501
496
500
493
496
491
492
488
491
494
503
509
518
530
545
558
575
584
597
606
615
619
624
623
624
622
624
619
612
605
596
587
576
567
554
545
535
531
523
520
517
517
513
518
516
520
519
519
513
511
505
503
496
492
484
482
475
474
469
469
471
476
477
484
484
491
495
502
504
511
512
517
515
513
504
499
495
494
492
495
498
508
520
523
535
545
558
564
569
573
577
572
573
565
566
561
561
555
550
543
541
535
533
526
524
517
516
513
516
516
517
515
514
511
509
508
505
501
501
496
495
494
496
496
493
496
493
496
494
499
499
502
499
501
501
502
500
503
502
504
504
508
509
510
510
511
511
512
508
509
505
503
500
503
504
510
513
523
528
531
534
540
542
542
539
539
535
531
527
526
526
523
521
518
516
510
509
505
509
509
514
512
515
515
515
514
518
517
518
519
519
514
515
510
511
502
502
497
495
492
490
481
477
476
473
469
468
468
470
471
472
473
475
482
481
485
481
481
479
478
474
476
474
477
478
487
487
493
496
500
501
505
503
507
504
505
500
499
489
489
483
482
476
476
473
473
473
474
478
483
487
494
502
507
511
514
513
514
520
518
517
509
507
496
489
477
472
460
453
445
441
437
438
438
444
445
451
452
457
455
460
465
472
474
480
481
481
482
486
488
491
495
502
505
506
502
503
504
503
502
502
504
501
503
502
501
501
502
500
498
493
489
484
481
476
474
471
468
463
464
460
460
459
463
459
461
461
464
461
464
461
461
458
460
457
461
460
462
462
462
465
464
466
466
469
466
464
460
458
455
456
455
460
461
470
474
484
485
491
493
496
499
503
505
510
510
516
515
517
514
515
510
510
508
507
505
508
502
504
503
499
497
498
496
497
498
500
499
501
503
500
499
495
495
494
495
491
490
486
486
484
488
483
482
479
480
478
480
478
480
477
485
485
487
483
486
488
492
489
497
495
497
497
498
500
501
506
507
509
507
509
511
513
512
514
512
514
512
511
507
503
496
494
487
497
496
500
498
500
497
499
496
496
492
494
492
492
490
492
490
491
490
489
487
485
484
484
483
483
484
483
487
482
478
477
478
474
477
472
474
473
474
474
476
482
492
499
506
508
516
519
526
526
529
527
527
524
523
520
521
517
518
512
510
505
503
499
499
495
494
491
487
483
479
475
473
468
470
473
472
476
474
476
474
478
476
481
480
481
479
482
480
481
478
481
480
483
481
483
481
484
482
485
483
487
486
488
489
495
496
504
508
514
518
524
527
527
529
528
529
527
527
523
523
517
510
505
501
496
493
488
488
485
487
481
483
480
482
483
486
483
484
484
487
485
484
478
480
478
481
476
477
475
477
476
477
476
475
473
474
471
475
476
477
479
478
486
486
491
491
497
503
511
515
521
524
531
533
537
538
540
537
538
531
530
522
520
516
514
510
510
505
501
495
495
491
492
492
496
496
497
494
496
496
496
496
498
500
500
500
495
499
497
498
496
495
493
491
489
489
485
487
487
490
483
485
483
485
485
492
494
502
505
517
523
531
535
540
543
545
545
542
536
533
527
524
517
513
510
510
511
507
507
502
505
501
