Serial Number - 17
Age - 28
Medical Condition - Post Lunch
Time of Day - 3:06PM
BP - 120/87


0

514
516
523
526
530
534
535
538
538
540
540
539
539
538
537
536
0
539
501
474
451
445
439
441
443
446
454
463
468
476
483
487
492
498
499
499
502
508
510
509
510
506
508
505
508
505
508
510
513
516
519
520
524
529
532
535
538
537
540
541
543
540
544
540
540
540
540
538
539
535
533
526
528
523
518
512
510
508
508
510
512
514
514
516
515
515
513
514
513
515
510
511
509
509
503
506
505
505
504
506
503
509
509
508
506
510
511
517
516
522
521
525
524
533
532
536
535
539
537
536
538
538
538
539
542
540
542
540
542
537
539
533
534
530
527
517
516
512
515
514
514
512
516
515
519
514
514
512
512
508
508
506
506
505
506
500
503
500
502
497
498
497
497
496
495
497
496
501
502
510
508
513
517
521
525
531
531
537
540
543
539
542
538
539
535
539
535
537
537
540
534
535
531
535
530
529
525
525
523
522
517
514
513
513
513
515
514
516
514
515
515
516
517
516
516
509
508
503
503
500
501
499
498
501
503
500
503
501
506
506
507
504
506
503
503
501
502
498
503
503
507
505
512
515
520
524
526
527
532
538
542
542
542
549
548
551
550
551
548
549
546
544
540
539
537
534
530
531
525
528
522
523
517
516
513
511
511
512
511
517
514
516
510
513
510
512
505
507
506
501
500
500
499
500
500
499
505
505
509
507
512
508
510
506
507
504
501
498
501
497
497
495
497
496
503
504
512
515
527
527
533
535
537
539
542
544
548
547
548
547
550
547
547
545
543
540
538
531
531
527
525
525
521
521
518
519
517
512
507
509
505
505
501
504
502
504
504
505
504
507
505
507
504
506
504
507
506
512
508
511
510
513
512
513
510
513
511
508
504
504
501
500
501
504
507
510
518
521
528
531
538
534
540
539
541
538
544
544
541
532
528
521
516
515
517
514
514
513
521
525
530
530
530
528
528
524
521
516
516
511
508
506
502
500
501
500
497
499
499
503
503
507
507
509
511
511
509
512
508
512
510
514
510
508
506
505
504
503
498
498
493
493
488
486
481
484
480
484
483
487
487
491
495
505
507
512
515
521
527
529
533
535
537
536
542
543
542
534
528
525
523
521
524
520
522
519
520
516
520
516
520
517
517
513
515
510
511
513
517
516
516
509
503
498
493
487
487
481
478
476
477
479
480
482
485
490
492
497
497
501
500
504
504
503
504
506
506
503
499
497
495
495
495
495
496
496
495
495
491
491
489
492
489
496
495
501
502
507
509
511
515
522
526
529
529
533
533
536
538
542
547
552
556
556
555
550
549
543
539
533
533
524
520
512
514
506
505
501
502
501
506
506
511
509
515
515
518
515
517
513
514
510
510
507
509
508
506
503
499
499
496
498
498
498
499
502
501
501
501
506
507
509
505
508
505
506
503
504
499
507
505
509
509
512
512
518
523
527
527
531
524
525
520
520
516
520
519
524
524
527
524
525
521
522
519
519
523
521
521
522
522
514
513
512
515
515
514
512
509
504
506
501
504
495
498
494
493
490
493
489
494
493
496
496
501
502
507
506
507
504
507
502
503
499
494
494
492
491
490
492
495
498
498
506
508
511
513
520
523
528
529
530
528
531
530
529
527
529
525
529
525
524
520
523
518
520
515
517
510
512
509
510
503
506
504
506
505
504
500
500
501
504
504
502
502
502
504
503
506
502
505
504
507
504
505
505
507
504
508
505
508
504
505
502
502
497
498
498
497
497
500
499
504
506
512
512
520
521
526
526
529
528
520
519
518
518
521
522
526
529
531
533
532
534
531
532
527
526
520
520
515
515
512
510
506
507
504
510
506
513
512
516
513
514
510
509
506
502
499
502
499
501
498
497
493
494
493
492
494
496
503
501
506
504
504
505
508
507
508
508
511
509
512
511
514
515
520
520
521
522
524
521
523
521
526
522
525
525
527
520
521
518
518
514
513
509
504
507
506
507
505
505
502
504
505
507
506
507
508
509
509
513
511
513
509
511
507
509
506
508
506
506
507
509
507
507
504
506
501
502
496
494
490
492
489
489
489
491
493
497
499
504
507
512
515
521
527
530
527
530
533
532
534
529
530
528
531
526
525
518
518
511
516
512
511
507
509
506
509
507
507
505
510
506
506
507
508
504
504
503
503
498
504
505
500
497
494
495
492
492
492
491
491
495
493
496
494
497
494
495
493
494
493
496
496
500
503
508
506
511
514
521
521
525
525
527
526
528
528
529
527
530
527
529
527
527
523
522
518
513
514
513
511
511
510
507
515
514
519
517
517
515
518
512
511
507
509
505
508
503
505
501
502
497
495
495
498
496
498
497
500
500
502
500
502
503
506
501
504
500
494
495
498
498
501
504
507
509
514
518
517
522
523
524
524
526
523
528
527
530
527
528
526
532
525
527
522
524
518
519
515
519
517
518
511
514
512
515
512
512
506
506
503
503
502
497
497
496
495
494
499
499
500
499
502
500
503
504
507
503
508
504
504
503
503
500
501
498
498
496
498
498
505
505
510
512
518
518
521
521
524
527
531
531
529
531
532
532
532
531
532
532
534
534
532
534
531
532
527
527
521
518
516
517
512
514
514
517
514
511
509
510
504
504
501
500
493
496
496
496
494
497
496
501
500
503
504
503
501
503
503
501
500
499
498
497
499
501
504
505
507
508
514
517
516
515
524
524
530
528
534
532
534
531
532
532
528
530
529
522
523
516
522
517
518
512
512
510
511
506
504
505
504
507
506
504
505
504
503
506
502
507
506
508
503
500
499
502
499
501
496
499
496
499
494
495
492
497
493
492
491
493
494
497
498
502
506
512
514
520
521
528
528
533
533
531
529
527
530
529
531
531
535
535
540
536
536
532
531
525
524
521
520
516
513
510
508
505
505
503
505
503
506
504
507
503
504
500
499
498
498
495
496
492
493
493
490
489
490
488
488
489
491
494
500
504
502
505
502
506
498
500
498
503
504
510
511
516
517
523
523
524
530
534
530
532
529
532
529
532
528
532
529
533
530
532
527
528
525
523
519
517
517
513
514
512
509
511
511
507
510
510
510
510
512
512
513
510
512
508
510
504
506
502
502
500
506
503
506
503
506
502
503
502
504
502
505
501
505
502
504
501
501
499
499
503
506
512
516
521
525
533
530
537
535
540
541
543
539
542
537
540
535
533
530
530
528
527
523
524
520
520
517
516
511
512
508
511
510
515
508
509
505
505
499
498
494
494
497
496
493
496
498
496
502
504
506
506
507
509
508
506
507
505
507
501
502
499
504
503
509
510
515
519
523
524
526
522
528
524
534
532
536
534
536
532
534
527
527
524
522
517
517
515
514
515
513
514
511
513
510
512
506
507
501
505
500
502
498
501
496
497
496
498
495
497
493
496
492
497
498
498
497
501
498
500
498
499
495
502
499
499
500
501
506
506
512
512
518
520
526
529
533
533
534
533
532
529
532
528
529
527
528
526
524
516
512
510
514
514
515
511
516
513
513
510
509
506
508
505
502
496
495
492
489
487
488
484
481
485
485
485
488
491
499
506
504
510
507
509
508
507
507
508
506
511
506
503
500
501
498
504
504
513
517
523
527
530
531
538
539
542
536
538
534
535
531
531
530
528
521
517
514
515
517
520
521
523
528
526
528
526
526
523
524
518
519
514
514
514
510
505
506
505
509
506
510
505
507
502
502
497
499
497
499
495
500
496
500
497
500
497
502
500
504
503
499
502
505
512
514
514
518
518
519
522
522
529
530
533
532
536
535
539
534
534
528
527
524
525
521
521
515
514
509
516
513
516
513
513
511
511
508
508
504
505
501
503
499
496
494
493
493
493
494
493
494
497
498
501
506
504
507
504
505
503
505
501
502
500
502
503
507
509
517
516
521
523
530
525
524
524
524
523
526
525
525
525
531
529
529
524
528
525
525
523
522
519
520
519
515
515
515
520
518
519
514
512
511
515
513
517
515
516
516
516
509
510
506
505
501
502
499
501
501
502
498
498
497
497
497
496
495
496
494
498
499
500
501
513
511
514
519
520
521
522
527
527
529
528
532
531
532
531
534
531
533
529
530
526
526
520
519
518
515
512
512
507
511
508
510
505
510
512
515
513
515
512
511
510
505
503
501
500
499
497
498
497
501
504
504
508
507
510
508
509
504
505
504
505
502
504
500
505
507
510
509
512
515
517
516
519
517
521
522
526
524
526
528
533
529
531
526
528
528
529
526
522
521
519
519
521
520
521
525
520
521
519
517
512
514
511
515
512
515
511
511
506
507
504
502
499
496
495
495
492
495
490
491
488
491
488
492
491
496
497
501
505
511
512
513
515
519
522
524
528
527
535
534
533
530
530
527
527
524
525
522
522
519
518
513
512
507
513
510
513
512
511
509
507
503
502
501
506
505
508
504
506
504
505
500
501
500
498
499
496
492
490
492
492
496
494
496
495
499
495
498
501
506
506
512
513
513
512
519
521
524
524
525
523
527
524
526
523
526
526
530
528
530
527
528
522
523
517
517
514
515
515
515
515
515
512
512
515
514
516
515
518
513
514
510
511
507
506
503
501
499
501
498
501
498
503
500
502
502
499
495
498
496
497
492
493
487
489
489
492
491
495
502
507
511
511
513
515
515
520
522
526
528
529
531
532
533
529
531
528
528
524
525
522
520
517
515
513
516
512
508
503
504
501
501
501
506
508
510
508
510
507
511
507
510
504
507
503
499
498
496
495
494
497
497
498
501
502
501
505
503
505
502
503
501
502
501
504
504
508
509
514
513
515
514
520
520
525
522
527
527
530
528
531
529
529
528
530
528
529
525
523
520
516
513
513
514
515
516
515
516
513
517
511
512
507
507
504
504
500
497
495
499
496
496
495
496
494
495
493
494
492
499
496
497
494
496
495
497
498
501
500
508
507
513
511
511
512
518
518
519
519
521
523
520
522
518
520
519
520
517
519
514
517
513
514
512
513
511
514
509
511
508
509
505
504
499
508
506
510
508
508
509
511
510
512
508
505
501
499
498
496
496
496
495
494
500
497
501
500
500
499
503
498
499
497
501
500
505
508
513
512
517
517
519
517
519
521
524
522
525
524
526
524
527
523
525
524
526
523
520
518
518
515
512
510
511
514
519
523
518
520
520
521
515
514
512
511
508
506
502
504
502
504
500
501
496
498
498
502
499
500
498
504
502
504
502
503
500
503
500
502
500
499
499
500
501
503
508
511
517
521
530
531
539
536
539
537
536
533
534
530
529
526
527
522
523
519
520
515
518
516
517
515
516
513
508
506
511
505
506
504
508
505
507
504
500
500
498
498
497
496
501
500
501
502
500
503
499
502
500
502
501
502
497
498
495
499
498
504
504
506
508
516
514
518
518
524
527
531
527
530
529
531
527
529
526
529
525
521
518
516
512
512
511
510
510
511
513
511
513
509
509
509
510
508
512
506
507
505
505
502
503
501
505
500
501
497
499
498
499
498
500
499
501
500
503
502
503
500
503
499
501
499
499
499
503
505
507
511
514
516
519
522
521
529
530
532
532
531
527
529
529
530
527
528
525
527
523
525
518
522
520
520
516
519
516
514
512
514
509
510
510
513
508
508
506
502
502
500
499
498
499
498
498
499
501
501
507
506
508
507
508
505
510
507
508
506
509
504
507
507
507
508
512
512
519
519
523
523
529
530
535
533
534
532
530
528
529
526
523
517
519
518
518
518
519
521
521
525
522
526
523
519
513
510
512
513
511
514
510
512
510
510
505
504
501
503
499
501
501
501
500
502
498
499
493
498
497
501
498
499
498
494
492
489
489
492
495
500
500
505
516
517
524
525
531
533
538
535
533
530
533
530
532
527
528
525
528
522
523
521
521
517
519
512
513
510
511
509
509
505
505
504
508
503
507
502
499
497
497
496
496
495
495
497
495
499
497
499
496
498
499
499
498
498
496
500
498
502
497
501
499
504
502
508
506
512
515
518
516
521
519
527
525
528
526
528
528
527
524
524
523
522
521
521
520
520
524
521
523
520
523
520
521
511
510
507
510
509
512
510
512
509
510
507
508
504
507
503
502
497
499
497
498
497
497
497
504
502
501
500
504
503
500
500
498
500
500
498
496
499
499
505
507
511
514
519
522
530
530
534
531
535
531
532
529
528
523
525
522
523
519
521
519
521
517
518
515
517
514
515
511
512
506
512
508
508
506
507
505
506
505
506
511
508
511
511
510
508
508
503
504
503
505
503
503
504
506
503
504
501
505
502
505
503
504
505
508
507
510
513
519
522
525
522
527
523
526
523
520
520
527
529
528
527
525
529
528
528
526
526
525
525
520
520
513
514
511
512
508
509
504
504
501
501
500
503
502
501
498
501
497
502
497
500
498
500
501
505
503
505
504
506
503
503
500
501
501
499
499
496
498
499
507
508
513
515
522
524
529
529
531
530
531
527
528
526
524
520
519
515
517
514
516
513
518
518
519
516
519
517
516
512
514
510
517
518
517
517
515
513
511
508
507
504
503
507
504
506
504
504
498
501
500
502
499
500
500
503
498
500
501
504
499
500
500
501
498
500
495
499
501
507
507
511
515
521
521
525
524
529
523
521
516
513
512
516
518
517
520
518
525
525
528
525
523
521
519
517
519
513
515
510
512
506
508
507
509
506
507
505
507
505
507
502
506
503
503
501
502
503
502
501
500
500
501
500
501
498
500
502
503
502
501
505
502
503
498
499
502
500
501
504
501
503
506
509
511
515
515
521
519
522
519
520
520
520
520
525
521
523
523
526
521
521
518
521
520
516
515
513
515
518
516
515
516
514
518
514
513
509
516
511
512
510
509
504
506
503
504
501
505
501
506
502
504
502
503
502
503
501
503
498
501
499
499
499
500
498
502
502
506
507
508
510
515
518
522
524
525
531
530
534
531
533
528
530
520
521
517
518
517
519
513
511
510
510
506
507
505
508
508
514
511
514
510
512
505
508
505
504
503
502
500
494
494
494
492
492
493
496
501
502
506
505
509
508
509
508
507
503
505
501
500
498
500
499
502
503
506
506
513
516
519
519
523
524
523
520
521
518
519
518
521
521
521
521
523
519
520
519
516
511
515
512
509
508
507
512
513
519
517
518
515
514
513
514
510
513
507
507
505
505
499
503
498
501
497
499
496
498
499
500
496
500
498
502
499
501
497
496
496
497
495
492
495
495
499
502
506
510
515
516
518
520
526
524
527
524
526
522
524
524
525
526
525
523
523
518
519
518
520
515
515
513
514
511
514
514
516
515
521
514
510
510
508
506
504
504
503
504
506
511
511
518
519
522
520
521
518
519
515
510
508
508
504
506
503
501
495
498
493
496
493
496
496
501
505
510
513
520
522
530
529
534
531
531
531
528
526
526
524
518
520
515
516
515
515
513
515
514
516
512
518
521
533
549
572
595
620
631
631
621
606
589
572
546
522
490
472
447
432
417
415
413
420
422
427
438
442
451
461
468
474
480
490
499
500
505
506
510
512
516
515
522
522
525
525
526
519
518
518
517
514
514
517
519
519
520
518
522
521
525
519
521
519
520
518
521
517
517
512
513
512
512
512
510
513
511
514
511
514
513
512
512
511
512
510
507
509
505
508
503
503
500
504
502
502
501
503
501
503
500
501
496
498
494
494
493
495
496
500
501
506
504
512
516
513
515
520
524
527
529
527
534
533
536
531
536
532
531
530
527
524
523
523
522
519
518
514
518
514
516
508
510
509
511
507
509
507
508
506
508
505
506
506
509
504
504
507
510
508
510
507
508
509
510
513
509
513
509
511
509
509
507
508
501
503
498
497
497
502
498
503
505
512
512
515
513
517
518
522
519
525
522
526
525
527
526
527
524
525
521
522
518
518
516
515
513
515
516
519
517
519
524
522
523
519
516
512
513
505
504
504
504
503
501
496
498
494
497
494
497
494
499
497
501
495
498
497
501
499
502
499
502
498
501
499
499
500
504
508
507
514
521
524
523
528
527
529
529
532
528
528
528
531
527
531
526
526
524
524
520
520
515
518
519
521
519
520
515
512
507
506
503
505
504
506
504
505
504
505
503
504
503
502
503
501
505
505
509
507
512
509
509
507
509
505
503
504
506
502
504
499
500
493
496
496
500
503
508
507
513
512
521
520
524
526
531
532
534
533
534
530
529
529
529
528
527
526
526
522
525
529
525
530
522
519
515
514
509
504
500
500
498
503
501
501
499
503
502
504
506
507
505
508
504
507
502
506
505
508
504
507
504
503
502
501
497
497
496
496
493
495
494
494
495
495
501
500
507
508
512
517
521
524
526
527
532
529
534
531
531
528
531
527
528
524
523
521
523
522
523
518
520
517
520
514
514
513
512
506
503
504
503
504
503
502
503
505
503
507
505
510
509
511
508
509
506
510
508
507
509
510
507
506
502
502
499
500
498
498
493
499
497
504
504
506
506
512
515
521
520
524
525
527
527
527
526
526
526
525
532
530
533
533
534
530
529
525
523
520
517
512
512
507
509
504
506
504
507
502
502
502
504
500
503
501
504
502
508
501
503
501
505
504
502
504
503
503
504
501
501
502
505
508
510
513
512
514
509
508
502
504
501
501
500
502
501
504
504
509
507
514
515
520
521
523
521
523
521
522
519
523
521
522
518
521
518
525
519
512
510
509
511
509
512
513
511
514
515
511
509
506
509
507
506
502
503
501
504
502
501
496
500
498
501
499
502
502
503
499
501
499
504
501
505
503
506
503
507
501
502
498
499
496
495
495
491
494
493
500
504
509
512
521
523
531
531
531
525
526
520
518
517
516
513
518
519
522
521
522
521
525
523
524
522
519
517
517
513
511
506
507
503
507
507
509
508
514
512
512
512
513
514
513
513
512
514
513
513
508
509
510
509
504
504
500
501
498
499
497
495
493
494
491
492
489
495
496
500
498
506
507
515
517
522
523
526
525
528
524
525
522
521
519
517
517
516
515
515
519
518
520
519
521
518
519
518
519
518
519
516
518
516
518
516
518
516
518
515
519
518
520
518
520
516
516
514
516
511
514
507
509
503
503
497
498
496
493
494
490
491
494
493
493
496
504
510
514
520
520
527
524
530
527
528
529
530
527
528
524
527
524
527
521
522
516
517
511
510
507
511
514
515
513
513
510
512
507
508
505
503
502
501
499
497
495
497
498
496
501
499
504
503
507
503
506
504
507
507
508
507
507
506
506
504
506
505
505
504
507
508
511
512
515
513
519
518
525
522
526
522
527
524
523
519
516
515
514
514
517
518
521
526
527
529
527
532
524
525
520
521
516
517
511
513
513
516
514
517
512
512
509
511
501
504
498
500
497
499
497
501
499
501
500
502
501
505
504
503
502
502
502
500
497
498
500
501
504
503
507
507
512
513
519
521
529
529
529
526
526
523
526
524
524
524
526
521
526
521
523
519
522
519
522
517
517
511
514
512
515
513
511
516
517
517
518
518
518
517
516
516
514
515
508
508
503
506
501
504
500
505
504
505
503
507
505
506
504
505
503
507
504
505
503
505
506
508
504
508
508
513
512
518
515
512
516
515
514
514
516
515
520
522
526
525
526
525
523
521
526
523
522
517
514
508
511
510
512
507
509
507
511
506
504
503
507
504
505
502
501
501
504
499
500
499
498
497
497
493
493
494
496
498
498
503
502
507
505
506
502
505
506
508
506
510
509
513
512
518
519
527
527
533
530
534
530
533
527
529
529
529
529
531
530
530
527
528
526
522
521
518
518
516
515
511
511
507
507
504
508
508
507
506
508
506
508
506
507
502
506
502
503
501
501
503
504
504
501
500
502
500
503
500
503
497
501
496
494
488
491
489
487
486
486
486
492
497
500
504
512
523
523
528
527
530
528
531
529
530
530
533
530
529
523
525
522
524
515
519
512
515
511
511
507
506
504
506
504
503
501
504
501
507
505
504
501
504
500
500
500
500
501
501
506
504
510
510
513
510
511
509
510
507
510
508
509
507
508
507
507
505
508
504
504
503
506
505
510
509
515
517
516
519
522
522
527
528
530
529
530
526
523
522
526
523
526
529
527
530
529
531
526
525
526
528
526
526
518
516
512
515
513
514
511
516
513
513
507
507
506
507
506
507
503
506
503
505
501
505
503
504
503
500
499
500
501
500
500
499
502
503
508
505
508
509
512
514
519
518
520
520
524
523
527
522
525
524
524
520
520
520
518
514
515
511
515
512
513
510
511
507
509
504
505
503
500
497
496
494
493
494
496
494
496
500
499
506
501
506
505
508
505
508
506
508
504
506
500
503
503
506
500
501
496
498
497
500
498
499
499
502
501
504
506
512
513
518
520
518
522
521
521
518
517
515
514
515
520
519
526
524
526
525
527
524
525
520
521
514
513
514
514
511
510
507
507
503
505
499
499
500
502
499
501
499
500
498
502
499
502
503
502
501
505
502
501
501
501
501
501
502
503
505
505
507
504
507
505
508
505
509
507
511
514
517
515
520
521
527
525
529
529
528
531
533
528
529
526
526
524
527
521
523
520
521
517
516
514
511
512
510
509
508
509
508
509
509
512
513
518
513
517
511
513
509
509
505
504
502
505
502
503
499
502
502
505
499
500
500
501
497
497
496
498
498
502
499
502
504
510
508
511
513
515
518
520
522
523
528
529
531
532
533
530
530
524
524
519
517
513
515
511
513
512
515
511
513
510
512
508
511
509
507
506
509
507
507
504
507
503
505
501
503
502
501
500
497
497
498
496
498
500
500
504
503
505
501
503
499
505
504
506
508
514
516
518
519
520
519
526
523
529
528
530
529
530
524
527
526
526
522
523
518
521
517
518
512
508
510
509
508
505
503
503
502
501
501
500
503
498
504
500
501
499
505
501
503
499
503
501
503
500
500
499
507
502
507
507
508
506
508
506
505
501
505
503
505
503
504
504
504
506
507
511
513
516
519
519
520
524
526
529
528
529
528
529
528
528
526
527
524
524
517
515
512
516
511
519
515
513
511
513
510
513
510
512
509
510
507
509
503
506
503
508
504
502
500
500
499
501
501
501
503
505
509
508
510
507
511
507
508
506
509
506
512
509
509
510
516
517
520
521
527
526
530
526
530
527
529
530
527
526
528
527
528
526
527
522
521
520
518
515
515
512
510
511
510
514
511
514
509
512
506
509
507
508
507
509
506
506
506
505
504
505
504
506
505
507
505
506
503
504
501
504
501
504
502
505
505
510
510
510
512
512
515
516
519
521
519
519
520
521
523
522
526
523
528
527
529
524
524
520
520
517
517
515
516
514
516
516
517
508
517
522
530
533
536
534
537
532
530
523
521
514
508
503
498
499
501
502
502
504
506
510
508
508
506
509
507
504
502
502
500
502
499
503
500
506
504
509
508
508
505
508
504
505
503
506
504
508
504
508
506
508
508
510
509
508
508
508
507
506
505
507
509
508
509
508
513
513
512
512
515
511
516
513
509
506
509
508
506
507
507
504
503
497
493
488
485
475
472
461
461
458
463
466
477
486
499
505
514
516
519
522
524
526
532
535
538
543
540
542
540
543
539
538
533
532
531
531
523
525
520
520
515
518
516
517
516
515
512
514
516
516
514
511
507
509
507
511
507
505
504
503
504
504
504
504
504
506
512
512
514
512
513
510
511
506
506
504
506
503
504
499
508
510
510
510
516
517
523
524
528
528
529

