Serial Number - 18
Age - 24
Medical Condition - Post Lunch
Time of Day - 3:13PM
BP - 128/74


0
489
464
443
438
435
440
445
457
466
475
486
495
505
512
516
520
521
520
523
517
518
512
507
501
501
494
492
487
487
483
484
481
482
483
488
489
492
497
508
513
524
527
533
539
547
549
555
555
557
560
566
566
569
565
563
558
552
545
540
535
531
527
521
524
522
522
512
509
505
506
504
503
499
498
496
496
493
493
490
491
488
491
487
490
488
494
490
492
492
493
494
495
491
494
491
495
497
507
510
517
522
527
534
540
545
552
560
562
567
566
569
565
565
560
555
547
540
532
524
517
514
510
510
505
505
501
502
499
501
498
498
495
497
493
493
492
492
490
491
488
490
484
482
479
482
482
484
482
481
486
483
484
479
484
491
498
503
515
523
533
546
554
560
567
572
577
576
579
575
578
573
570
559
560
550
547
538
534
525
521
519
519
509
516
513
511
508
508
506
505
504
502
503
499
499
494
493
487
488
481
482
478
478
474
473
472
472
472
475
472
474
471
473
473
477
478
485
491
499
507
516
523
533
539
550
551
559
559
563
562
560
560
556
551
546
539
533
528
523
525
520
519
513
511
510
513
509
510
506
507
503
504
499
497
495
495
491
492
489
489
486
488
483
483
481
483
480
477
477
476
475
476
472
471
470
473
473
474
477
478
483
490
495
503
514
523
534
538
546
545
546
543
545
543
543
540
541
536
536
530
529
524
522
516
513
508
510
507
508
507
508
506
511
506
510
508
508
506
506
506
507
508
508
510
510
511
513
520
524
530
531
534
535
537
540
548
549
558
560
569
572
583
589
603
615
627
634
642
646
652
651
651
644
642
631
625
613
605
594
587
580
570
559
548
541
532
528
521
516
516
521
523
524
526
526
526
529
527
529
525
527
522
519
512
509
502
497
487
483
473
468
458
453
446
440
432
432
429
428
421
423
419
422
422
425
432
441
446
452
458
463
470
476
483
491
504
512
519
522
530
533
539
534
538
535
530
523
515
508
508
499
498
489
485
479
476
470
467
464
468
463
461
456
456
452
452
451
449
445
445
443
439
437
437
441
445
448
452
463
469
477
482
485
487
494
493
497
499
503
508
516
522
530
534
541
544
549
543
539
533
529
518
513
503
497
493
487
477
471
463
455
446
446
440
437
434
429
427
425
425
425
426
426
428
430
435
437
443
445
450
452
457
459
464
467
472
474
477
477
481
479
481
477
479
479
481
479
483
482
486
488
495
499
510
515
517
518
521
518
519
518
520
516
518
518
517
516
513
516
517
519
518
516
517
517
515
516
512
511
508
512
508
509
505
510
510
512
509
511
507
509
505
504
498
498
494
493
489
493
489
494
490
490
491
489
491
494
495
497
500
504
509
514
523
525
533
534
538
537
538
532
532
528
525
520
518
510
507
501
499
495
496
490
491
490
488
487
488
487
494
493
498
497
500
497
494
494
492
491
492
491
489
487
486
489
487
490
486
487
481
482
475
472
471
473
472
476
476
482
486
496
500
508
513
524
528
536
535
541
540
540
533
532
530
530
528
529
524
523
519
517
514
513
513
512
513
513
512
509
511
510
513
510
510
506
507
503
506
502
504
503
503
499
499
496
498
494
494
490
493
491
492
496
502
505
514
518
524
528
536
538
543
544
542
542
546
543
540
536
532
527
524
521
518
518
512
511
506
506
503
504
504
504
503
505
503
500
497
498
499
500
498
499
496
499
496
498
493
499
498
500
496
497
495
494
491
493
488
493
495
497
498
502
502
509
515
520
526
529
533
532
535
536
536
532
535
531
532
526
522
517
514
509
508
504
503
502
503
498
498
495
497
493
496
493
498
496
498
498
501
497
500
499
499
498
495
493
491
490
490
492
490
490
489
494
491
495
496
501
504
513
514
521
525
531
531
540
538
545
542
543
538
540
540
541
536
533
528
527
520
518
512
511
511
517
514
518
514
511
509
509
512
509
511
512
515
516
522
524
533
537
550
556
572
582
596
604
615
621
630
633
636
634
634
627
625
617
616
614
612
608
609
600
601
594
593
585
585
577
573
572
565
559
556
551
547
542
539
537
533
533
529
530
528
531
532
532
531
529
525
524
519
518
512
511
505
502
498
496
491
491
486
485
481
484
478
479
473
472
471
470
466
468
463
468
469
473
478
486
497
505
512
516
521
524
529
534
539
538
539
536
534
528
528
523
521
517
513
510
511
506
506
501
499
498
500
496
494
488
486
483
480
477
478
473
476
474
475
468
467
466
465
463
464
462
463
463
462
468
465
472
470
475
475
475
477
481
484
494
499
510
518
529
531
541
544
551
552
557
556
558
553
553
550
550
544
542
537
535
527
525
516
511
504
506
507
508
509
508
506
505
509
506
507
509
509
506
505
503
503
502
503
500
502
499
500
496
497
493
499
493
497
492
493
491
493
495
498
504
517
525
536
542
553
557
564
567
573
573
573
575
573
568
561
557
552
551
545
543
534
534
527
525
520
517
515
515
513
519
516
521
517
518
514
515
513
514
508
509
504
503
500
499
495
495
493
493
491
489
486
488
484
483
483
484
488
494
504
512
528
538
547
555
564
573
579
582
586
585
589
586
585
578
576
571
566
556
551
544
542
535
531
525
522
518
517
514
515
509
510
505
506
500
500
500
502
499
495
492
491
489
488
489
487
485
487
491
486
485
484
485
484
482
481
481
481
486
489
498
505
518
526
539
548
560
570
575
578
583
581
586
582
580
574
571
563
559
551
547
537
528
520
512
507
506
508
505
504
503
505
506
507
505
508
507
505
501
501
495
494
488
489
484
485
482
484
480
482
480
481
479
482
479
481
479
480
478
478
475
484
485
497
503
514
522
530
539
545
553
561
565
566
567
569
574
572
573
571
567
561
560
550
548
540
538
531
532
523
520
515
513
509
507
501
502
501
503
497
498
495
498
494
493
490
490
489
491
486
482
482
482
480
477
477
477
476
477
479
478
480
483
488
491
503
511
526
532
543
551
561
565
574
576
578
577
578
575
575
569
567
559
557
547
544
535
530
522
518
510
507
505
503
499
501
500
496
497
495
493
492
492
491
490
494
494
492
494
489
492
486
488
486
486
485
485
481
481
478
476
478
479
484
492
498
512
520
535
540
549
556
565
569
576
575
582
581
584
583
579
576
574
568
565
560
559
554
548
545
541
542
537
537
531
530
522
522
516
514
510
508
503
500
495
493
487
486
480
479
474
475
470
471
467
468
462
465
462
460
458
459
458
454
456
456
461
470
476
488
501
512
523
532
540
541
549
549
552
550
549
548
549
542
541
535
537
531
530
523
520
512
508
497
497
489
490
485
487
483
484
481
482
476
478
474
473
474
473
471
472
471
472
473
474
477
477
479
477
477
474
476
475
478
474
475
471
471
468
468
465
468
470
477
482
495
501
514
519
530
534
543
546
552
548
553
550
547
539
536
530
524
521
516
510
509
508
509
506
504
505
502
506
501
502
499
500
493
495
490
491
489
490
487
488
486
489
485
486
484
486
482
484
481
483
479
482
478
479
474
475
475
475
476
478
481
488
495
504
509
519
531
537
545
548
553
554
557
555
553
545
544
535
528
521
517
510
514
512
513
508
507
503
503
497
497
495
499
495
495
493
494
492
493
491
492
491
494
489
484
485
483
481
483
482
481
481
481
483
482
484
481
484
485
490
493
502
507
514
522
529
532
539
541
545
545
549
545
544
538
536
531
529
523
522
515
516
513
515
513
515
512
511
504
502
498
498
496
495
496
495
500
498
496
493
496
493
495
492
492
489
488
488
491
490
490
488
492
488
487
481
486
480
483
479
481
483
487
490
496
499
509
513
520
524
529
530
535
532
528
525
525
524
521
520
518
514
513
519
519
521
519
520
518
518
512
510
505
506
501
500
496
495
492
491
487
490
486
488
484
488
483
486
484
483
482
485
483
482
480
484
481
480
479
477
477
478
479
479
481
485
492
497
505
505
514
515
521
520
525
527
532
530
530
527
527
523
525
520
517
512
514
508
505
502
502
497
499
497
493
494
495
495
495
494
490
492
495
494
490
489
489
491
490
495
493
496
495
496
491
489
489
488
484
486
482
485
481
485
480
481
480
485
487
495
497
505
508
516
517
522
523
529
526
530
528
529
524
525
519
519
516
514
512
508
506
507
507
506
508
505
507
504
506
502
504
502
502
501
500
499
499
496
498
493
495
494
494
489
488
486
487
485
487
485
488
485
488
486
487
484
489
488
488
490
493
498
503
506
511
514
522
530
528
530
527
529
530
529
528
527
524
527
520
520
516
516
512
512
513
516
512
515
511
510
503
505
503
502
498
498
497
497
496
498
494
494
492
492
493
491
490
490
487
490
493
492
495
492
492
490
492
489
491
488
490
489
490
489
493
496
500
502
509
511
517
518
521
522
525
521
523
517
519
512
517
512
513
511
517
519
523
523
518
517
516
515
514
512
510
513
510
513
510
512
511
512
509
512
507
509
505
508
504
505
502
503
499
499
494
493
491
492
487
490
487
490
487
489
486
487
488
490
486
487
484
482
482
478
479
476
476
477
482
480
483
484
489
488
499
501
508
510
513
512
518
521
523
523
526
526
523
519
518
515
514
508
510
505
505
502
502
500
501
502
503
503
502
498
495
493
493
492
492
493
492
497
494
495
494
495
493
492
489
490
483
485
479
479
478
481
482
485
483
484
485
488
487
491
490
495
495
499
497
503
506
512
515
521
519
524
525
526
522
521
520
520
521
522
520
520
521
521
520
517
519
515
517
513
511
510
515
514
516
513
512
513
514
511
511
506
507
503
505
502
503
500
500
497
501
496
497
496
497
495
490
491
490
487
489
488
490
494
494
497
498
505
507
515
518
527
528
534
533
537
539
541
539
540
537
538
532
531
527
528
523
523
519
516
508
507
502
503
500
505
507
510
509
509
508
507
508
508
506
506
507
506
504
503
505
501
506
503
505
500
501
497
498
495
495
493
494
495
494
492
495
495
500
501
507
511
516
517
523
522
527
528
531
531
534
533
533
533
531
531
530
529
530
530
530
530
527
528
522
524
520
524
520
526
521
520
514
517
514
514
512
510
507
508
506
505
501
504
501
502
497
499
497
499
497
499
501
501
500
496
494
495
493
492
493
496
504
505
507
509
517
519
525
525
530
530
535
534
539
537
543
542
544
544
542
539
538
534
533
528
529
523
522
519
518
516
522
523
525
519
521
519
515
515
512
511
514
513
513
508
510
506
503
505
499
501
498
501
500
499
496
498
495
497
495
496
494
496
495
493
494
499
501
504
507
515
515
522
524
532
536
542
544
547
545
545
543
540
539
536
538
534
533
529
526
525
522
517
517
512
513
512
515
508
512
510
517
514
514
515
514
514
516
511
511
509
514
510
510
506
508
503
505
502
497
494
498
495
492
491
492
493
496
497
500
509
515
522
525
532
531
540
543
550
547
553
552
554
553
555
554
556
554
554
548
546
543
540
536
533
527
528
525
531
527
529
528
526
523
520
520
517
516
514
511
513
514
513
514
510
512
509
507
503
504
501
502
501
500
496
496
495
498
496
498
496
500
503
509
512
521
527
534
535
542
546
551
552
558
557
563
560
562
559
556
553
551
550
544
545
542
541
534
533
524
528
527
527
523
523
517
517
512
511
506
507
507
508
501
503
500
503
500
503
501
500
499
501
497
496
491
494
491
489
487
487
486
485
484
484
483
485
488
490
493
490
494
493
497
501
509
513
521
527
533
535
540
537
541
540
541
541
542
544
543
539
541
540
540
535
535
528
528
523
523
518
520
515
516
512
511
512
512
511
510
509
509
507
507
511
510
512
511
512
512
514
510
511
507
507
506
506
505
508
502
504
501
502
496
498
496
497
492
495
490
497
496
505
509
518
524
530
531
536
537
539
543
546
542
546
544
544
542
540
539
533
537
532
527
524
520
515
514
512
514
511
514
511
511
505
505
501
501
496
496
492
494
493
493
492
493
494
496
495
498
496
500
496
498
496
495
494
492
490
489
489
487
493
494
500
504
513
514
521
526
533
534
540
539
543
538
538
533
533
530
533
528
529
527
526
521
522
516
512
512
513
506
512
509
512
511
513
511
508
509
505
502
502
497
498
498
497
502
502
501
502
500
499
498
494
500
497
497
492
493
491
495
494
499
501
507
510
517
519
519
522
524
526
528
530
534
531
535
532
533
528
530
523
521
518
512
515
514
513
512
515
513
510
510
510
504
503
498
498
491
490
483
480
474
473
467
468
465
464
461
461
460
460
459
464
468
473
479
489
494
505
512
526
528
537
541
546
547
548
546
547
546
545
544
543
540
537
537
533
532
531
532
529
527
523
521
518
515
510
517
516
517
514
513
509
511
506
506
503
504
500
499
494
496
490
493
488
492
486
489
485
481
481
479
478
480
482
481
482
485
490
494
498
503
509
511
521
523
528
530
534
533
537
531
535
531
532
528
527
524
525
521
523
518
520
514
519
513
514
511
511
507
510
505
505
504
503
503
502
503
502
502
502
505
503
506
503
505
501
503
499
499
492
499
496
500
495
498
493
496
492
490
485
486
483
486
484
483
479
481
479
486
487
495
496
505
507
508
510
514
520
522
528
529
531
532
538
533
533
527
527
523
521
517
514
510
510
506
507
503
507
503
503
500
502
499
500
499
501
498
501
499
501
499
498
495
502
502
505
504
500
498
496
495
490
491
487
486
487
489
488
490
488
487
488
489
484
486
486
491
493
498
500
506
510
513
515
520
522
528
525
525
523
523
520
523
518
520
515
517
514
511
507
507
506
506
507
506
505
506
508
507
509
509
511
510
511
509
508
506
505
500
501
496
498
500
499
493
496
493
496
491
494
493
495
493
495
491
491
490
495
496
504
505
511
511
518
521
521
525
528
528
529
529
531
535
533
534
531
533
532
531
526
524
519
519
515
515
512
512
508
509
506
510
510
516
513
517
513
515
512
513
510
509
506
506
502
503
497
500
497
493
492
490
492
491
489
489
490
493
496
497
504
505
516
514
518
519
524
526
531
531
537
534
540
537
539
534
536
536
536
530
530
526
525
518
519
513
513
510
517
515
514
512
512
509
508
507
506
507
504
504
502
504
502
508
507
504
503
504
500
500
496
500
496
497
495
496
493
495
490
495
492
498
499
505
507
513
512
522
526
533
535
537
540
541
538
538
532
535
528
524
520
516
514
510
513
512
513
512
510
506
508
503
506
502
505
503
506
505
509
504
506
507
508
505
507
504
506
504
504
502
506
508
512
508
509
503
503
502
498
496
494
490
492
492
496
499
504
516
517
521
520
525
526
529
528
528
529
535
535
535
533
534
531
532
529
527
524
523
520
521
515
514
510
512
510
512
511
513
509
512
506
508
505
508
505
502
501
498
498
498
499
502
502
502
505
504
506
500
501
501
503
504
505
502
507
506
514
515
520
524
532
534
538
536
539
537
542
542
543
542
544
540
542
537
539
536
536
532
528
521
519
513
512
511
508
511
509
511
510
507
507
514
513
517
515
519
515
514
510
511
506
511
509
508
503
501
499
499
494
494
492
493
495
500
501
507
509
516
517
522
522
526
530
532
535
537
539
542
545
543
545
544
548
542
542
536
533
526
528
521
517
514
512
510
515
510
513
510
508
508
505
503
504
503
504
501
503
500
501
497
498
494
496
493
493
493
489
486
486
488
485
492
491
492
489
490
491
492
493
497
498
504
507
511
511
519
523
529
532
538
536
541
538
540
534
536
531
532
528
525
520
519
514
513
510
510
507
511
507
502
502
500
501
502
502
503
505
503
505
502
502
501
505
503
502
498
504
502
504
502
504
500
502
499
495
493
491
487
489
484
485
482
484
483
485
479
482
481
483
482
489
492
496
500
504
510
513
519
520
525
527
532
531
534
531
529
527
526
522
522
520
517
514
515
510
512
509
509
503
504
502
505
503
505
503
504
502
507
503
505
501
506
503
505
499
501
501
501
500
498
499
499
502
497
498
494
497
494
495
493
491
490
491
490
496
499
507
510
516
511
518
520
527
526
527
525
528
528
528
523
524
523
523
520
520
518
517
514
512
513
517
518
519
520
518
518
516
516
512
514
508
509
508
505
501
500
497
499
495
498
494
497
492
496
492
494
491
492
489
488
488
491
489
490
486
490
487
492
489
497
498
502
506
510
514
522
522
523
522
524
529
528
534
530
536
533
539
537
542
541
546
549
554
552
557
554
560
557
558
554
561
558
557
551
553
551
551
545
546
542
541
541
538
530
525
522
520
519
520
521
521
522
523
526
524
530
531
534
533
534
529
528
524
524
521
521
520
523
519
522
518
521
521
527
528
534
535
539
542
544
541
543
540
538
532
528
521
519
520
519
519
521
520
518
515
511
509
505
505
502
503
501
503
502
503
501
503
505
505
504
506
503
505
497
499
497
499
495
496
493
494
489
489
481
482
484
486
482
480
482
480
484
487
487
487
490
493
497
497
504
506
512
512
515
516
518
512
514
511
512
510
515
511
508
503
501
496
495
489
489
486
488
483
485
480
482
483
486
484
488
485
489
489
489
487
485
488
486
488
488
486
485
487
484
485
481
484
479
478
474
475
473
476
477
483
483
490
488
494
494
499
500
505
509
513
512
516
517
519
519
524
520
521
518
520
517
514
514
515
516
519
517
516
516
517
518
514
514
510
510
506
503
499
499
493
499
494
495
491
490
488
486
483
479
480
480
475
471
465
463
458
456
449
448
442
445
440
441
439
434
436
438
444
448
454
461
467
476
485
492
506
510
519
522
529
527
531
528
530
527
527
525
526
525
527
526
531
532
535
538
545
547
555
558
566
571
579
581
586
589
594
595
592
589
585
580
572
567
560
552
546
541
533
527
516
512
506
502
494
491
483
481
471
468
461
458
452
446
440
441
435
435
432
436
432
434
434
434
437
444
445
450
454
460
463
471
474
484
489
494
498
502
502
505
509
513
517
520
523
524
526
524
525
521
521
521
520
520
518
515
516
510
511
506
507
506
504
501
499
497
500
491
493
491
492
489
493
491
493
490
495
494
493
492
492
492
494
494
499
504
510
515
518
521
526
530
529
531
530
531
530
530
527
528
526
526
522
523
520
521
517
519
513
516
514
516
513
515
510
514
511
517
517
520
518
514
511
506
504
502
500
500
501
499
503
500
502
500
503
500
503
500
501
498
499
497
497
493
496
496
502
501
504
505
513
515
520
521
528
526
531
529
530
529
534
531
537
533
536
532
529
527
524
520
520
514
511
509
510
512
513
515
515
518
515
520
517
519
515
517
515
517
515
516
513
512
511
507
506
510
509
510
509
509
505
506
501
501
498
499
496
499
498
500
504
507
511
519
523
526
530
533
539
541
549
549
552
553
555
558
556
552
552
549
547
545
544
537
539
536
535
533
534
535
537
535
536
532
533
531
529
523
523
520
520
521
519
514
513
513
514
510
507
506
505
507
503
503
501
502
502
501
500
503
504
509
513
520
522
526
530
537
533
539
538
538
535
533
531
532
524
525
520
520
510
512
512
513
513
511
513
514
512
514
514
515
516
513
519
516
519
518
517
514
513
507
506
500
501
495
496
492
492
488
490
484
487
486
490
489
496
496
507
508
518
520
530
532
536
536
544
541
545
544
543
543
542
542
542
544
542
541
538
542
537
538
532
532
527
526
527
530
525
525
521
521
515
518
516
517
514
515
512
513
514
515
510
510
508
511
507
510
506
509
507
509
510
514
522
526
531
535
542
548
559
560
565
565
568
567
569
567
567
562
564
558
557
552
551
545
545
539
541
534
537
534
534
531
531
529
528
526
525
523
528
526
528
523
521
517
512
508
504
500
496
493
490
491
488
490
491
495
498
511
515
522
529
538
546
555
558
564
565
572
567
565
562
561
558
556
549
547
543
540
533
529
526
525
522
523
516
512
511
515
518
515
515
515
513
513
514
510
515
511
515
511
508
507
505
502
504
499
501
497
500
498
495
494
497
498
505
509
519
526
535
542
548
557
564
569
573
573
576
570
566
560
554
549
544
541
538
533
530
525
522
522
519
521
520
520
517
519
516
518
516
514
512
513
509
510
507
511
509
508
506
504
501
501
497
497
491
493
490
490
485
486
483
486
483
487
488
497
503
509
516
520
529
534
544
545
550
552
557
554
557
553
552
550
551
545
541
537
532
522
519
511
513
513
514
509
507
504
506
503
505
502
501
500
499
499
501
497
500
496
497
495
491
490
487
486
486
486
485
488
488
487
486
486
487
490
491
498
500
510
516
525
532
542
543
550
554
558
559
562
559
561
557
559
555
553
547
544
540
536
529
524
518
516
509
504
504
504
505
505
506
505
509
506
508
502
506
500
504
502
500
499
498
492
491
486
487
486
487
485
486
482
483
484
488
485
491
496
505
510
517
521
531
537
546
549
556
556
560
559
556
555
553
550
547
540
537
532
527
527
521
519
515
515
510
513
510
509
507
507
505
504
500
503
497
498
492
494
490
492
491
490
491
490
489
489
484
483
481
482
479
482
478
475
475
473
470
473
476
479
484
493
505
512
521
523
530
535
538
541
544
548
551
548
548
543
543
537
532
523
521
518
516
508
505
502
499
496
496
492
491
490
493
490
491
489
495
491
494
491
490
492
490
491
487
486
487
490
487
487
486
483
482
484
483
486
486
487
485
487
482
487
486
490
493
497
497
503
507
514
512
519
519
527
528
532
534
537
535
538
535
534
530
529
526
525
520
518
515
510
518
516
519

