Serial Number - 19
Age - 28
Medical Condition - Post Lunch
Time of Day - 3:15PM
BP - 164/122


0


514
514
514
514
9
521
520
518
520
519
517
519
517
517
517
517
517
516
517
515
514
512
512
513
512
511
514
514
514
514
0
562
527
502
483
473
467
469
469
476
480
486
491
501
506
515
517
524
524
526
526
528
529
532
529
531
529
529
522
523
520
522
521
517
516
515
515
514
511
513
512
509
510
509
513
513
514
515
513
517
523
522
526
525
527
528
530
527
527
525
525
520
520
511
511
505
510
503
505
505
505
502
507
504
509
507
510
505
510
509
511
508
512
509
517
516
511
514
508
511
515
522
526
524
527
527
526
532
533
536
536
539
537
539
537
539
536
537
536
536
531
532
530
531
528
529
525
526
523
523
520
520
515
521
517
522
519
515
515
518
519
518
520
525
522
520
515
513
515
514
517
517
517
519
521
516
519
510
515
514
517
515
516
514
513
514
515
510
513
515
514
511
513
511
511
510
512
509
512
509
507
504
503
503
503
504
503
505
508
508
511
517
515
524
527
533
533
537
537
536
537
538
535
537
535
542
538
537
533
533
530
531
528
533
534
532
532
534
532
535
532
533
531
528
528
526
524
525
525
523
524
522
526
526
528
526
530
527
527
522
520
516
517
515
518
514
515
516
514
510
513
514
516
514
517
513
516
514
516
513
512
514
519
517
521
517
515
512
512
511
509
511
511
508
508
508
508
509
508
511
508
509
504
507
503
502
500
504
503
505
502
505
503
507
505
507
509
513
512
515
517
522
523
531
531
535
536
539
541
543
542
547
544
543
544
544
546
548
551
548
548
541
538
534
532
528
530
526
529
525
527
525
524
520
521
521
523
523
528
525
529
527
529
524
527
527
531
529
531
528
534
531
529
527
522
525
523
520
518
515
515
517
517
520
516
519
514
515
509
513
513
523
525
529
526
529
525
524
520
519
516
513
506
507
502
505
501
505
499
503
499
506
501
504
501
505
504
512
511
510
513
513
516
516
520
519
531
529
534
532
539
537
542
540
545
542
548
546
549
546
540
531
531
525
527
525
525
524
524
522
524
522
527
525
528
525
528
525
528
526
528
523
523
520
520
515
515
516
517
520
523
523
521
520
519
518
517
517
517
518
517
515
514
519
517
520
518
519
517
518
516
516
515
522
524
527
527
524
519
515
514
515
514
516
512
509
505
502
503
502
502
502
505
502
505
504
501
499
502
501
504
505
508
512
519
524
526
527
537
545
561
568
581
588
600
604
606
607
607
603
601
592
586
576
572
559
556
546
536
527
520
517
515
508
505
505
499
500
494
495
491
486
486
488
488
490
490
493
492
496
495
497
496
501
498
500
498
503
502
502
503
504
501
501
502
504
500
504
505
507
503
505
503
501
500
500
501
501
504
502
504
505
507
509
510
506
509
506
505
502
502
499
502
500
504
499
498
497
497
497
500
499
501
500
504
502
505
505
512
512
515
516
520
520
526
525
529
532
534
538
538
536
531
531
527
528
529
534
536
543
541
543
540
541
536
538
533
535
527
532
525
527
522
525
522
523
522
521
523
521
518
520
519
521
517
522
517
520
517
518
519
515
513
513
518
520
526
524
526
523
522
521
520
518
513
513
514
509
511
505
506
504
503
501
500
499
503
497
501
497
499
497
499
497
500
499
502
501
501
497
502
500
503
502
500
498
497
498
497
497
498
499
502
505
505
508
506
511
512
515
516
519
520
523
518
525
526
532
532
535
534
538
537
541
539
541
542
543
542
545
540
541
537
540
536
539
534
537
529
525
516
511
512
512
514
515
517
517
522
521
527
526
525
523
525
520
523
518
520
518
516
515
516
513
514
508
510
505
506
508
508
504
508
506
506
507
510
506
506
505
505
502
500
499
501
500
499
495
495
495
495
495
490
492
496
501
500
501
500
502
501
503
502
514
529
544
538
532
517
511
506
503
492
490
485
485
485
487
486
493
499
505
506
516
517
523
523
528
526
533
535
536
535
536
536
535
536
535
536
535
534
529
526
521
519
515
512
508
511
506
513
514
520
520
523
525
527
525
524
520
521
515
515
514
513
510
509
506
507
504
506
506
503
503
501
502
503
505
505
508
511
514
513
515
513
515
512
513
510
510
503
505
501
501
498
498
498
498
496
496
493
495
493
493
494
498
495
496
494
494
493
493
494
497
495
493
494
495
496
502
503
506
510
514
514
512
518
521
528
531
535
539
537
532
532
527
526
524
530
529
530
529
530
531
531
527
530
525
529
525
528
522
524
521
521
516
520
515
514
510
509
507
508
509
508
507
509
512
514
516
512
515
512
513
511
513
509
512
510
513
510
514
511
519
519
520
516
514
511
511
508
511
504
507
500
503
499
500
497
497
495
497
495
493
492
494
494
494
491
493
492
494
499
499
501
505
505
503
503
500
502
499
503
500
500
498
500
499
502
499
507
508
512
514
516
515
521
519
525
524
531
525
526
522
522
518
516
521
520
523
525
528
530
531
530
533
533
538
532
533
530
529
524
524
518
519
513
515
512
515
516
519
519
519
518
520
517
518
515
517
510
512
509
511
508
512
508
512
510
511
507
508
506
504
504
503
504
504
503
507
511
510
510
508
511
509
510
503
505
502
503
501
500
498
502
499
500
499
500
498
500
498
498
496
504
503
503
501
504
503
505
507
510
510
518
518
519
518
522
525
528
529
533
535
538
542
539
539
537
544
541
541
536
537
536
535
534
534
532
533
532
529
524
523
521
524
520
522
519
520
518
519
516
517
516
522
518
522
519
517
517
514
514
514
518
516
519
516
517
514
516
515
518
512
513
510
512
507
510
509
515
514
519
516
518
514
515
511
511
507
507
502
505
498
503
499
498
498
501
497
497
495
494
492
491
491
492
494
494
498
497
499
500
503
499
503
499
506
505
510
507
512
512
519
513
518
517
519
520
527
527
531
532
537
537
540
540
545
546
549
549
549
547
549
545
546
541
540
535
527
523
520
520
517
516
515
518
516
519
518
519
517
519
515
519
516
519
517
518
514
515
509
513
509
512
509
510
508
511
507
510
510
511
512
512
511
511
508
511
508
505
506
507
507
507
510
510
506
505
506
505
507
504
504
500
501
499
500
498
500
497
499
494
499
496
499
499
497
496
497
497
500
497
502
499
503
502
503
499
505
506
510
510
511
512
514
510
517
520
525
528
534
539
540
542
545
547
547
549
548
552
549
553
546
548
546
545
539
533
528
527
521
521
515
516
515
516
513
516
515
518
517
521
519
519
520
517
515
515
514
514
511
513
511
512
511
510
513
509
510
510
510
508
510
508
510
508
509
506
509
505
508
505
506
505
510
510
516
513
515
513
514
508
508
507
509
506
506
505
504
502
499
498
496
497
498
497
497
496
497
500
502
508
511
513
511
516
512
518
518
523
525
530
534
540
537
541
542
547
548
552
549
552
549
551
548
549
549
552
549
550
544
543
539
534
530
528
525
522
521
519
515
516
522
520
525
522
527
527
530
526
525
523
524
524
523
518
518
515
515
512
513
510
513
510
511
507
509
509
509
509
513
515
517
516
519
512
508
505
503
500
500
498
498
497
498
500
498
501
500
501
497
501
498
497
495
496
494
495
491
491
489
492
489
493
488
492
490
491
488
489
489
491
491
493
491
494
494
496
497
502
504
511
509
511
511
514
519
521
523
524
534
534
535
537
541
541
543
538
535
522
507
498
485
476
472
464
466
462
465
465
471
476
486
491
499
503
510
511
513
515
520
515
517
513
516
511
513
508
503
503
503
504
499
500
501
504
503
505
505
507
506
508
502
503
499
501
495
497
491
495
490
493
492
491
490
491
491
494
495
498
497
500
498
500
498
502
499
503
501
503
501
499
499
495
497
498
497
500
501
502
510
511
518
520
526
526
531
532
537
538
542
541
545
545
548
546
550
550
556
556
555
553
553
550
551
545
545
539
540
533
529
522
524
518
521
515
512
506
504
504
500
507
510
516
519
523
525
524
524
522
517
518
511
513
508
507
501
503
500
500
498
499
498
498
499
499
496
502
500
502
498
503
499
503
499
499
498
501
498
496
493
492
488
489
485
486
485
486
492
491
492
493
495
492
493
490
494
492
495
493
494
492
493
492
495
495
500
500
505
506
509
508
518
517
523
523
529
531
536
538
542
543
547
546
551
552
554
556
556
556
556
553
554
554
552
553
550
554
543
544
535
533
527
525
521
520
518
518
512
515
510
514
512
513
511
512
509
512
506
511
510
513
511
512
509
510
506
510
504
505
501
504
506
504
507
507
508
505
505
503
502
496
497
493
492
493
492
487
488
487
489
485
488
485
489
487
489
487
491
490
491
490
493
491
493
492
491
492
492
492
492
489
486
484
483
482
487
483
486
491
494
499
498
505
507
510
513
512
513
521
518
523
524
529
531
535
536
543
544
550
550
553
551
555
552
550
547
546
542
540
536
533
531
532
528
526
519
517
514
513
514
518
521
519
522
520
526
523
527
525
527
522
520
517
517
511
510
508
510
506
509
502
504
498
498
495
498
497
499
496
501
497
501
498
500
496
496
493
491
488
487
486
488
489
488
490
490
495
493
498
495
497
495
498
497
499
495
497
493
497
495
496
496
499
499
503
502
510
509
514
515
521
522
526
527
530
531
537
539
543
541
549
548
548
552
551
553
556
553
552
554
553
554
553
551
547
546
542
537
530
529
525
524
521
521
517
519
513
512
511
514
516
521
518
518
513
517
513
514
512
510
512
512
507
508
504
505
500
501
498
499
498
495
493
493
497
495
500
499
496
494
493
487
493
488
489
489
493
490
488
488
489
487
489
486
491
487
489
486
487
487
487
486
489
487
493
488
492
492
493
491
488
488
489
490
491
493
496
499
503
510
515
522
528
531
532
533
530
537
535
542
542
548
548
554
553
558
557
555
554
555
550
550
545
547
540
539
533
534
528
528
523
523
520
517
516
516
515
515
515
515
512
513
515
513
515
515
515
515
519
512
519
516
518
517
521
518
518
515
516
514
510
505
509
506
506
501
501
498
499
494
498
497
498
496
496
494
491
490
490
487
487
486
485
487
488
486
487
494
494
498
497
500
497
502
498
499
501
506
506
509
511
513
512
519
520
528
531
537
538
547
548
553
554
557
557
562
562
563
563
565
564
563
559
555
549
546
542
540
536
531
527
525
523
520
520
514
518
516
518
514
517
518
515
513
513
513
513
509
511
509
511
510
507
503
507
506
507
505
507
502
506
508
511
510
513
512
511
507
505
499
497
497
494
494
493
498
497
499
494
497
493
496
491
490
488
491
489
487
484
489
485
490
486
486
482
485
485
488
486
488
489
492
490
490
490
493
493
499
498
505
504
506
505
508
513
514
520
523
528
534
541
543
546
548
554
556
559
560
565
561
564
561
559
555
554
546
544
535
532
527
526
521
520
517
517
514
516
514
517
515
516
515
517
512
511
511
508
508
508
506
503
505
505
509
508
510
509
511
511
512
506
505
504
505
503
505
500
502
497
505
500
505
503
507
505
502
500
499
494
496
492
494
491
496
492
491
489
490
488
486
483
483
485
485
486
486
493
496
499
501
500
501
499
498
500
499
504
504
509
510
513
517
523
525
531
534
538
538
542
544
546
547
551
550
553
552
553
550
551
547
548
538
532
528
524
521
520
517
517
514
515
516
517
518
520
520
517
517
515
518
516
518
515
517
514
516
513
516
512
512
507
507
507
509
503
507
505
507
502
505
501
504
503
504
503
502
502
496
502
503
506
507
507
505
507
504
502
500
498
495
499
494
497
489
490
487
487
484
486
483
487
486
489
485
487
490
494
490
493
492
495
494
500
500
506
509
513
516
520
523
525
527
528
530
534
537
543
550
549
557
558
562
563
566
564
565
562
560
554
550
542
540
534
534
528
525
520
520
516
519
516
517
511
515
514
514
513
513
511
512
511
511
507
506
505
505
504
506
505
507
510
507
509
507
509
504
504
500
501
498
503
505
509
508
508
503
505
498
502
495
493
490
492
488
488
481
484
482
484
483
485
484
487
486
486
486
486
488
487
488
487
484
484
488
488
493
491
495
494
497
492
495
493
497
495
495
497
499
502
505
506
512
514
520
522
526
528
535
535
540
543
547
547
552
553
556
553
556
552
554
548
545
543
538
535
532
532
527
527
526
528
525
526
524
524
522
523
524
524
521
521
520
520
516
517
510
516
517
519
512
515
510
509
505
506
502
504
499
502
500
503
501
505
501
505
500
499
497
494
498
497
498
495
492
494
496
496
497
498
499
499
497
493
495
493
497
493
495
492
495
489
492
487
491
488
492
492
492
491
492
494
498
497
506
505
513
514
520
519
527
530
532
536
537
544
548
552
555
559
562
571
574
577
578
580
580
574
567
564
558
558
552
547
544
542
536
534
531
531
526
527
522
524
517
520
517
517
514
517
513
518
516
521
518
517
514
512
509
506
505
505
499
502
505
502
505
504
505
501
503
501
502
499
502
496
498
493
496
492
495
492
493
489
491
490
493
491
497
495
496
491
494
491
493
491
494
492
495
492
493
491
489
488
488
489
487
492
491
496
496
499
497
504
503
505
504
507
505
511
512
513
512
520
523
527
529
537
539
546
544
551
552
555
557
557
559
562
564
568
563
565
559
560
556
555
549
543
536
531
523
520
518
516
515
512
519
518
520
519
519
516
518
514
517
512
513
510
511
508
509
509
510
505
508
506
508
502
502
503
503
501
507
507
508
505
508
505
508
504
500
497
495
489
489
489
489
487
487
491
491
493
492
493
494
497
495
495
493
493
491
493
489
494
489
492
491
490
490
490
492
495
495
502
502
508
511
514
511
521
526
537
538
538
541
548
551
551
555
554
558
561
563
562
567
565
561
559
556
550
550
546
545
537
538
534
536
530
530
526
526
524
525
519
520
519
522
519
518
515
518
514
516
512
514
510
509
504
504
505
508
510
511
514
512
518
514
516
511
513
509
508
504
505
498
499
494
497
493
496
492
493
488
489
487
489
487
489
487
489
487
487
485
490
489
491
488
488
489
490
489
486
487
487
489
485
485
486
490
490
495
498
504
506
510
511
513
512
517
519
525
526
532
538
542
544
551
555
563
565
569
570
574
576
578
577
577
574
574
569
565
558
557
551
545
539
535
528
525
521
518
516
519
523
521
522
521
521
517
518
517
513
511
517
512
516
514
512
511
511
507
509
505
506
501
503
496
498
494
496
494
494
492
493
490
491
489
491
489
489
487
486
483
483
484
484
485
482
484
485
488
485
490
488
491
488
490
486
485
485
486
482
485
480
483
481
484
483
485
484
488
485
489
487
490
492
499
501
508
510
520
520
524
526
532
535
540
544
546
553
553
554
554
556
561
566
566
569
565
566
562
560
556
556
549
547
542
538
532
529
525
525
519
518
514
518
515
517
513
517
516
520
514
517
514
515
512
514
514
510
513
513
512
509
508
506
505
504
508
503
507
502
504
500
499
499
497
496
498
495
497
493
494
492
494
490
491
488
488
487
490
488
492
490
491
488
489
490
490
489
491
490
492
492
489
488
489
489
488
486
487
487
488
493
495
498
505
511
512
517
520
526
530
535
539
543
547
554
553
558
557
565
567
571
566
569
565
568
562
563
557
558
556
556
548
547
538
538
531
526
523
519
519
514
511
513
522
521
527
524
524
521
520
517
514
509
512
509
508
503
502
501
501
498
499
497
502
499
500
496
498
498
497
497
498
495
497
494
496
492
493
491
491
490
487
487
484
484
483
482
483
485
483
489
488
491
490
491
491
490
490
489
485
487
485
488
484
487
483
486
484
484
484
487
486
490
491
493
494
501
501
510
512
520
526
533
534
539
542
543
546
546
547
547
548
551
550
554
562
564
568
568
569
567
566
560
556
548
550
543
541
532
530
522
524
519
519
517
519
516
517
513
515
509
520
519
522
520
518
514
515
510
505
505
505
502
500
500
498
499
498
501
498
504
502
504
502
504
500
501
497
502
497
499
495
496
494
492
492
492
490
492
489
494
487
490
488
491
488
492
490
491
492
491
490
492
489
490
489
489
489
494
496
500
504
511
520
518
525
529
538
541
550
552
561
564
570
571
576
576
586
585
586
583
585
582
580
574
571
566
564
554
551
546
540
536
537
533
532
524
521
517
519
514
511
516
520
521
518
524
522
524
524
525
521
522
520
517
513
512
509
509
510
508
507
508
507
509
506
508
505
511
506
508
506
507
505
507
502
504
502
505
501
504
501
502
500
497
495
495
496
496
497
495
498
499
503
499
500
500
498
496
496
495
496
495
498
494
498
498
503
503
508
511
515
518
526
529
536
540
548
551
560
560
565
565
571
571
580
580
583
582
577
570
566
560
554
551
546
542
538
538
534
534
528
530
524
526
522
521
517
518
512
516
511
520
517
519
517
517
513
512
508
511
505
504
499
499
495
498
494
495
492
493
490
481
481
479
477
474
473
472
472
471
471
469
470
473
476
470
475
469
471
467
468
466
466
464
464
461
461
457
457
454
455
454
453
451
453
451
452
448
448
450
455
455
457
460
465
468
472
479
485
491
496
504
511
514
518
525
529
540
542
549
555
558
561
565
565
565
559
561
551
549
545
542
539
538
532
530
524
523
519
517
515
516
511
513
511
514
512
514
509
509
509
509
509
505
505
506
505
505
506
505
504
500
502
496
498
497
499
494
494
491
490
488
488
486
489
487
491
487
490
486
488
484
488
484
488
484
487
487
488
486
490
489
491
488
494
489
486
485
484
484
484
486
486
492
491
495
495
502
503
510
514
516
520
529
532
545
545
557
561
567
570
577
582
585
587
592
597
598
597
597
593
590
585
582
574
568
560
554
543
536
529
524
519
519
514
516
515
516
518
515
516
509
514
515
516
515
511
511
511
504
505
497
497
494
497
495
498
494
494
490
488
486
488
486
489
484
488
485
488
484
487
480
480
483
482
481
481
481
480
478
481
485
483
489
487
488
484
487
482
486
483
483
480
482
480
481
481
486
486
486
485
489
491
495
496
501
503
509
512
518
524
534
534
546
549
559
562
567
569
572
576
581
582
583
587
588
592
587
586
580
577
571
564
560
555
548
545
533
529
519
515
508
505
500
506
502
506
501
502
500
502
500
504
501
504
501
504
500
501
493
497
498
498
498
497
502
496
496
492
497
494
496
496
496
498
499
495
491
489
491
488
491
487
490
487
489
482
486
485
485
486
485
482
483
481
484
481
485
483
486
483
485
481
482
484
484
483
485
490
494
500
505
513
515
523
531
538
545
554
563
572
578
587
593
600
605
610
613
617
615
618
613
607
599
593
584
575
563
555
546
542
533
529
523
521
516
516
511
510
510
509
507
503
505
502
500
500
502
500
500
498
498
494
497
494
495
491
495
490
492
486
491
489
492
488
490
486
487
484
485
480
483
479
481
474
475
472
474
471
472
472
470
472
473
469
472
474
474
475
475
481
480
484
483
486
483
489
486
486
482
485
480
481
480
482
479
485
482
483
480
486
486
492
491
500
503
511
516
524
528
538
544
555
560
566
571
577
577
576
576
578
582
586
585
588
591
587
587
580
578
572
566
558
553
543
538
532
530
521
521
517
518
513
512
510
513
513
514
512
511
507
507
504
503
500
499
496
494
490
491
486
486
484
484
484
484
486
486
488
489
492
492
495
493
491
491
492
488
491
490
487
484
485
486
486
484
486
483
489
482
484
481
485
484
487
484
486
483
486
483
483
480
487
486
490
488
486
489
493
496
502
508
514
518
522
529
534
543
550
559
565
573
576
581
585
588
591
597
598
603
599
598
592
590
581
578
569
565
558
554
545
540
533
533
530
532
528
531
525
524
521
517
518
516
515
514
514
516
519
517
518
513
517
511
510
504
504
498
495
493
492
487
489
483
484
479
483
479
480
477
479
476
478
475
475
474
477
473
475
476
478
477
481
476
476
478
475
476
474
474
474
474
472
479
475
478
477
478
475
477
476
475
475
475
473
479
478
483
484
494
500
510
513
520
527
538
542
550
556
562
566
568
568
572
573
582
585
588
588
585
578
570
560
551
543
539
535
526
524
521
519
517
512
510
512
511
511
506
504
504
505
500
504
501
501
496
497
492
492
487
487
482
484
482
487
483
486
484
488
489
493
494
498
499
499
498
499
500
499
501
498
502
501
504
502
501
496
498
492
494
487
487
484
485
483
484
481
480
478
477
475
479
478
479
478
483
486
491
497
505
513
521
528
537
540
548
554
564
571
573
577
581
582
586
588
591
593
596
598
594
590
582
578
570
564
556
551
545
540
531
528
522

