Serial Number - 2
Age - 26
Medical Condition - Post Lunch
Time of Day - 1 : 48 PM
BP -  122/76






489
491
487
486
490
484
491
1
512
512
511
510
513
514
511
508
505
501
502
497
494
493
493
492
491
490
489
491
487
486
490
484
491
0
556
531
513
501
490
494
493
496
499
502
502
511
511
516
513
518
515
516
514
514
509
512
511
513
509
510
508
511
509
505
505
505
504
502
501
503
503
500
506
501
503
499
502
496
496
494
497
495
492
491
488
485
488
487
487
482
487
485
490
487
489
490
494
493
499
509
517
522
527
532
538
539
549
547
548
544
545
546
542
541
540
537
536
532
529
528
523
518
513
512
510
514
515
516
514
513
513
515
512
516
508
510
510
512
506
506
502
502
497
499
496
496
495
495
494
492
488
489
489
484
486
486
485
488
487
486
491
490
494
494
498
498
509
510
515
524
532
538
546
547
552
552
559
554
553
545
548
541
539
533
530
523
520
515
511
508
502
502
498
498
496
498
499
503
505
506
509
516
512
518
514
515
515
514
510
511
502
504
502
498
495
498
496
496
488
488
486
488
487
489
486
484
486
490
486
487
485
488
490
493
490
501
501
507
517
523
529
538
544
552
554
555
556
557
557
558
555
549
547
536
536
530
522
516
514
506
506
501
502
501
504
500
504
503
507
505
509
509
513
510
510
506
511
507
507
506
505
500
499
494
488
491
486
487
488
489
486
488
489
491
490
490
491
489
486
488
484
487
489
489
488
491
492
503
504
516
522
533
535
544
540
548
547
551
551
554
551
553
547
540
538
530
527
524
523
520
520
514
515
511
512
506
511
506
508
508
507
502
506
509
508
509
509
506
508
503
505
500
504
498
500
497
497
498
492
492
494
491
489
490
492
490
492
487
485
485
483
482
484
484
483
488
490
494
491
494
494
500
504
514
520
529
535
542
546
547
548
549
550
551
544
547
542
542
539
535
535
528
522
518
509
514
513
515
510
514
510
511
508
506
507
506
508
508
510
508
508
506
508
507
509
509
507
502
501
498
500
498
497
492
493
490
490
486
487
486
489
484
490
484
490
488
492
484
487
481
484
486
491
486
494
495
499
503
513
516
525
531
536
541
549
555
555
560
553
556
551
550
539
541
533
529
526
523
513
511
510
513
508
512
512
513
506
512
511
510
509
513
509
510
512
515
507
508
507
506
502
497
497
495
494
494
490
486
486
484
488
488
494
490
495
489
492
488
489
483
486
487
488
484
485
486
489
489
494
495
504
509
518
520
525
531
539
542
549
551
553
553
551
551
550
541
541
533
528
521
517
515
515
514
514
512
509
514
513
514
511
509
509
511
509
507
506
509
504
503
502
503
502
500
496
500
495
498
493
496
491
493
487
490
486
488
486
483
484
480
484
484
484
486
484
483
490
489
492
494
501
507
514
515
528
533
543
548
553
554
555
554
553
552
550
542
543
540
539
532
527
519
518
510
510
503
505
501
504
502
498
499
500
500
503
506
508
512
512
516
512
510
511
511
509
508
502
503
499
501
495
496
493
496
491
493
491
490
488
488
487
491
486
489
482
489
487
487
488
488
490
502
506
515
522
528
534
543
547
545
551
551
558
555
556
550
550
549
549
537
532
528
528
522
521
514
516
512
509
506
506
504
504
508
511
508
514
510
513
508
511
511
509
508
510
501
502
497
498
497
493
491
490
488
487
491
489
487
493
492
488
491
488
487
488
489
487
489
489
499
502
512
515
525
533
543
546
554
557
564
563
563
558
557
546
548
542
540
536
533
526
524
517
510
508
511
510
510
511
508
516
513
516
513
519
514
513
512
515
509
515
506
506
508
509
504
504
500
502
496
497
492
492
488
491
487
490
487
489
488
493
487
488
487
487
487
484
485
487
493
497
507
512
528
532
542
549
555
555
558
559
562
558
561
554
556
546
545
538
538
532
530
523
519
514
512
508
514
513
517
514
519
523
523
520
521
517
517
512
514
508
504
507
503
501
499
499
497
497
492
494
496
497
492
496
496
496
491
494
490
491
485
483
482
484
482
483
484
486
491
500
506
514
516
524
531
541
548
553
554
563
562
562
559
556
553
549
542
540
535
533
527
518
521
512
513
510
515
516
519
516
516
515
517
515
514
514
515
511
513
509
509
504
509
502
503
502
500
494
496
490
490
488
490
486
492
488
491
484
482
481
485
483
486
484
483
485
485
491
489
494
495
500
501
512
514
523
525
536
538
547
550
554
559
555
556
561
556
556
553
549
540
537
530
526
521
521
510
516
513
515
513
512
507
509
511
512
513
513
508
507
507
506
509
508
508
506
506
501
503
498
499
498
502
496
491
488
490
486
489
486
486
488
486
483
485
486
486
482
488
484
485
486
486
491
498
506
511
520
532
538
544
550
554
557
558
559
560
556
555
555
548
547
540
531
527
524
515
509
502
501
496
500
499
506
505
513
517
518
514
515
516
521
515
518
511
510
509
506
503
506
502
502
499
494
487
488
486
484
483
484
482
482
488
484
488
486
486
488
487
487
489
489
491
487
491
491
499
502
513
516
528
535
546
551
555
550
558
555
557
550
552
544
546
539
535
535
528
522
517
512
510
507
507
506
504
512
511
513
511
515
512
515
513
511
509
510
508
510
507
504
501
501
501
498
493
494
489
488
485
485
484
484
483
487
480
479
477
480
480
480
479
480
479
478
480
476
481
484
490
494
502
506
517
522
528
535
541
547
550
556
558
555
557
553
552
548
544
540
538
532
533
524
520
515
517
509
512
511
509
507
508
510
509
507
508
509
510
510
506
506
504
502
503
510
505
504
497
503
499
498
495
495
490
490
487
487
481
484
481
481
479
481
482
483
480
486
481
485
483
485
484
487
486
491
492
497
507
509
520
528
535
541
550
556
557
560
564
561
564
556
551
548
548
537
535
527
521
513
511
507
505
500
499
498
501
502
499
501
503
504
505
503
509
505
507
504
508
503
505
504
500
499
500
499
495
497
497
492
493
494
492
492
491
489
483
485
488
489
486
490
485
487
484
483
483
483
485
490
498
508
518
529
534
542
543
550
550
554
554
554
554
554
549
547
545
539
529
525
521
516
507
509
517
512
513
513
508
507
507
511
512
511
516
508
511
506
507
503
504
504
501
500
503
495
492
494
494
492
493
491
491
486
487
484
484
482
484
481
485
482
479
481
481
483
480
479
484
489
491
497
503
514
519
528
535
545
550
557
557
563
558
561
557
556
544
543
535
529
521
515
511
507
503
504
499
501
497
502
501
507
510
514
512
511
514
512
511
508
507
506
510
504
505
505
503
503
504
500
499
495
496
494
493
488
487
488
486
487
489
487
487
481
487
484
488
486
489
493
493
495
501
506
516
518
529
533
543
547
549
550
551
554
552
549
548
547
542
545
537
536
525
525
517
516
508
511
509
509
508
512
511
509
511
513
505
509
508
511
507
507
510
508
504
505
498
500
493
496
494
495
491
490
488
486
480
480
482
482
484
481
484
485
489
485
485
489
490
493
497
499
504
510
516
522
531
535
545
547
555
557
560
557
560
558
557
550
549
543
539
534
528
522
518
514
518
509
508
509
506
507
504
505
508
507
511
515
512
515
511
511
510
510
506
506
503
501
499
495
495
496
488
493
490
491
487
486
484
487
483
486
485
488
486
486
485
486
485
489
487
488
486
488
493
503
509
520
524
534
543
550
553
554
565
562
564
562
563
553
552
545
541
532
529
522
521
510
511
509
510
506
507
508
511
509
512
508
510
508
510
508
513
506
506
505
504
501
500
494
490
491
491
488
486
488
483
488
483
489
488
489
489
489
485
485
484
483
482
485
485
485
485
485
483
484
485
488
487
492
496
508
515
524
527
536
543
552
554
555
560
564
558
561
554
550
546
540
535
533
524
520
519
513
514
508
511
511
512
510
514
514
516
512
515
512
514
508
509
508
512
506
510
503
502
499
499
495
495
491
491
489
494
491
488
486
485
483
484
481
483
482
483
483
482
486
483
490
493
492
492
497
502
514
517
527
534
544
551
558
558
562
561
562
556
560
552
544
537
533
525
520
512
508
503
501
503
503
502
501
506
502
505
508
508
508
509
510
512
514
513
508
510
509
506
502
501
499
502
497
496
490
493
487
486
486
484
485
486
484
488
483
485
481
484
482
483
483
485
483
487
486
492
494
505
512
516
521
529
534
537
546
551
559
561
558
557
557
551
551
544
541
531
528
523
519
516
512
508
511
507
509
504
509
507
511
503
508
506
508
505
508
504
508
505
504
499
503
500
497
495
493
490
491
490
485
488
488
490
490
487
485
489
487
491
483
485
482
485
480
483
481
483
479
483
481
486
486
497
505
514
518
524
535
544
546
555
557
562
559
561
553
550
548
546
540
535
531
523
520
518
514
509
513
509
515
508
514
510
510
509
510
507
510
503
507
506
506
502
508
506
503
498
504
499
498
495
494
492
491
489
488
486
487
484
483
481
479
480
479
478
479
479
480
482
483
485
482
490
491
493
496
504
510
517
521
527
535
542
545
553
551
555
555
558
553
554
551
547
543
541
537
533
526
525
517
515
512
511
509
507
505
503
502
504
504
508
506
506
508
509
513
512
512
505
510
505
504
503
502
497
499
489
490
483
486
483
484
481
481
481
484
482
482
480
481
484
483
482
484
483
487
483
489
491
491
500
507
511
522
530
541
549
554
563
566
570
566
569
563
561
557
549
544
539
530
527
516
511
502
505
496
503
501
506
505
511
508
510
507
516
511
515
510
512
511
514
509
504
504
501
500
501
495
490
492
491
494
493
496
492
491
492
491
488
487
487
490
490
491
482
484
481
489
486
490
495
502
509
519
523
538
540
546
548
555
553
556
553
552
552
552
551
549
543
537
531
527
520
515
510
511
514
516
516
513
517
514
517
516
515
512
517
511
513
510
509
505
508
507
506
503
503
503
504
498
502
496
497
496
493
490
492
488
489
485
487
487
488
482
479
480
482
481
482
489
493
502
512
521
529
538
545
556
560
561
565
566
566
571
562
560
552
552
547
539
533
530
522
517
514
515
512
514
509
515
509
511
511
510
510
514
511
508
507
506
509
508
506
505
506
505
507
504
504
503
501
495
497
492
491
488
490
487
488
485
486
482
482
483
483
482
486
482
485
485
495
497
504
512
524
525
537
548
552
556
565
565
564
564
561
556
555
556
551
543
540
540
533
531
524
521
511
517
514
515
512
510
508
513
512
510
509
511
511
512
508
507
505
508
509
507
501
498
498
499
495
495
491
491
489
488
483
484
480
481
484
482
482
480
491
488
490
490
492
493
492
490
491
490
498
498
507
512
526
528
536
543
548
552
561
558
565
563
562
562
557
554
552
544
541
535
529
526
524
517
513
507
506
508
507
505
509
510
510
513
515
513
514
518
514
519
513
508
506
506
502
500
498
498
494
493
491
489
484
486
487
485
484
485
484
485
484
485
483
485
488
487
483
490
486
487
486
487
487
492
496
504
514
523
529
536
546
550
559
564
569
566
570
562
561
557
555
548
546
535
532
525
520
510
511
509
510
507
507
503
509
507
510
505
511
509
510
508
507
506
505
505
503
503
499
498
499
497
494
496
496
496
494
493
492
488
487
490
485
485
484
489
487
487
483
484
481
485
480
484
484
488
486
491
493
499
507
516
522
535
539
547
551
555
559
557
556
557
551
551
547
544
539
533
531
524
528
523
518
512
512
513
514
511
515
511
514
512
514
509
513
511
510
508
509
505
506
504
499
494
497
495
494
492
492
491
489
484
484
482
481
482
479
481
479
481
480
486
484
489
486
491
488
491
489
488
491
494
501
507
510
522
526
535
543
545
548
557
559
556
557
554
551
547
547
545
534
535
528
525
517
509
508
504
504
506
502
503
505
504
510
508
511
514
511
510
513
510
508
508
505
498
501
493
498
492
496
492
491
488
490
484
485
482
483
479
485
481
484
482
483
483
483
480
479
478
484
486
489
497
501
509
518
524
529
537
547
553
559
564
559
561
557
557
553
552
544
541
532
530
521
516
507
510
508
510
507
507
504
504
504
504
500
508
509
508
508
506
504
507
501
503
499
496
495
494
494
486
492
489
489
491
492
489
492
485
487
479
482
480
484
479
482
479
485
481
482
484
490
490
497
497
512
514
524
530
536
542
550
555
559
556
561
556
558
555
547
542
536
531
524
516
512
513
510
513
509
512
509
510
509
506
506
509
506
513
510
512
508
510
507
508
504
507
501
504
498
497
494
493
492
495
488
488
486
486
481
484
479
479
481
478
477
475
481
480
479
483
487
488
502
506
513
517
527
534
544
549
558
557
562
563
561
558
558
551
551
548
542
534
531
524
519
510
511
509
506
505
505
502
508
504
504
503
505
507
504
505
507
508
510
512
508
511
509
508
507
501
498
500
496
496
490
487
486
485
480
479
477
478
480
486
481
486
482
485
484
489
492
498
508
519
525
531
535
547
547
551
553
555
558
560
551
552
547
543
548
539
538
529
524
521
515
512
514
511
511
508
508
506
508
507
508
506
512
509
513
507
509
506
505
502
505
501
497
500
497
493
491
491
485
483
488
483
481
483
477
478
481
481
483
490
490
494
495
505
504
516
521
526
534
545
551
556
557
564
562
565
559
558
553
547
544
542
533
532
522
522
515
514
509
508
507
512
509
509
507
509
507
507
502
500
505
508
509
508
511
508
510
504
506
498
498
498
493
492
489
484
489
484
487
482
485
484
484
480
486
483
485
478
486
481
490
491
501
507
518
524
530
537
545
549
557
557
560
560
560
558
555
554
549
548
539
538
530
528
520
517
515
510
511
508
505
507
507
511
510
515
512
516
511
511
508
509
504
509
505
504
498
496
495
493
489
492
491
488
487
482
483
483
482
480
483
483
486
486
487
485
487
485
491
486
488
489
493
496
509
512
522
527
538
542
550
557
558
559
564
562
564
560
560
556
549
543
538
530
527
520
511
510
510
507
507
510
506
506
507
509
510
513
514
517
514
514
513
510
508
510
504
502
502
497
495
496
489
491
487
487
487
483
483
486
483
487
484
489
484
483
483
482
481
484
480
481
478
479
480
483
491
499
509
520
529
536
547
553
558
562
565
564
564
562
563
555
551
544
541
536
527
524
520
513
509
508
507
504
506
507
509
505
507
508
512
510
512
509
510
509
510
507
503
500
499
496
497
499
494
494
493
492
485
486
483
485
484
486
482
484
484
484
481
484
482
484
479
482
481
483
480
482
482
489
489
491
495
505
512
522
523
534
540
552
553
554
556
556
555
554
556
552
548
545
544
534
532
523
520
515
515
510
507
506
506
505
506
504
508
506
510
506
506
506
510
504
504
503
502
498
503
498
498
490
497
494
492
491
491
489
482
479
478
481
478
479
480
480
479
483
481
485
484
485
484
488
485
483
483
488
489
500
504
514
516
525
529
540
545
551
552
560
560
561
558
561
547
549
540
543
533
527
520
515
511
512
508
508
504
507
512
508
511
508
509
511
513
509
509
510
507
506
508
503
501
503
503
497
496
492
492
486
489
487
487
484
484
484
487
480
482
480
481
480
480
481
478
478
479
480
481
482
481
482
490
500
504
519
522
529
535
546
549
555
557
559
558
560
554
552
549
547
535
534
527
526
513
513
511
509
506
509
506
507
509
508
509
511
511
505
507
506
500
503
503
506
505
508
506
500
505
499
499
498
496
489
490
489
488
487
486
481
487
480
485
481
483
482
484
482
480
482
487
485
485
485
491
490
497
504
514
515
526
533
540
547
547
549
554
557
554
553
550
550
545
539
535
530
523
520
515
511
509
511
507
508
505
508
508
508
508
510
511
514
511
513
508
512
505
506
503
501
501
504
497
500
496
494
490
489
484
483
483
481
479
480
488
485
487
485
483
484
489
486
488
489
491
495
503
510
518
523
531
536
545
544
554
552
559
554
558
550
552
550
545
537
536
526
524
518
514
508
511
508
509
506
503
505
505
513
511
509
507
516
511
515
511
514
511
517
509
508
502
500
498
498
492
494
491
488
484
483
481
484
485
486
486
485
482
484
484
486
482
485
485
491
490
492
502
511
519
523
530
539
548
555
560
563
568
566
571
562
565
554
553
543
541
535
528
521
521
512
509
507
507
502
509
506
508
509
515
511
513
513
516
511
513
507
510
508
504
503
498
495
496
494
495
489
492
491
489
495
491
493
486
491
485
488
484
484
485
487
484
487
483
486
485
490
488
495
500
514
520
528
534
541
546
555
558
565
565
567
564
564
560
553
549
545
539
535
530
527
517
514
512
512
514
510
516
512
515
515
514
514
513
512
514
512
512
504
508
504
504
496
498
493
500
497
496
493
494
489
488
489
491
483
484
482
483
481
479
478
478
478
482
480
484
487
488
493
492
500
506
513
519
530
535
546
548
556
560
566
566
566
563
561
558
556
552
545
541
536
529
525
520
517
511
516
510
512
507
511
511
509
508
507
507
508
509
508
510
508
510
512
505
503
507
505
503
499
497
492
492
489
489
487
490
486
484
481
483
476
479
479
481
480
484
480
484
483
486
483
489
489
496
505
515
519
524
533
536
542
550
557
561
561
563
561
562
560
556
553
550
546
540
535
526
523
516
514
512
515
512
515
515
516
512
515
514
515
514
520
516
517
511
512
508
511
504
504
500
500
495
490
489
488
488
483
480
480
480
481
485
485
489
489
488
488
490
486
485
487
487
488
491
487
493
494
503
512
520
524
534
539
548
554
561
559
565
563
563
558
556
553
550
543
534
525
522
516
513
509
509
512
509
511
509
515
513
518
517
519
516
518
515
519
509
515
509
509
507
508
498
502
497
496
495
493
490
492
489
489
485
487
487
487
484
487
485
484
483
479
480
481
485
489
496
499
511
515
526
533
545
550
558
565
573
566
568
566
567
561
559
553
548
540
534
525
522
515
512
508
510
506
506
506
508
507
510
506
512
514
516
512
511
511
511
510
506
506
505
500
501
500
496
496
497
498
493
493
491
490
485
486
482
484
483
483
480
480
480
483
480
487
486
491
493
502
507
519
523
534
541
552
555
564
567
571
567
571
566
561
558
552
548
541
536
530
527
521
522
515
513
511
513
510
512
513
513
512
512
514
515
511
516
507
512
508
510
506
503
499
498
493
494
492
491
492
493
486
489
484
484
482
480
477
479
481
477
480
479
481
485
491
487
495
492
499
501
512
516
521
529
539
545
552
553
564
564
566
567
567
561
563
554
551
547
542
531
529
520
519
510
512
504
508
509
511
507
506
509
508
505
510
505
506
506
508
509
508
510
505
507
498
502
495
496
495
491
493
493
487
486
487
487
485
485
484
487
481
485
481
479
480
485
483
486
485
491
497
503
507
513
524
533
541
553
554
559
563
563
571
570
569
564
562
556
552
543
538
528
526
519
512
508
509
507
506
505
511
507
513
511
514
512
516
511
513
511
511
506
506
504
505
502
497
494
492
491
493
488
489
485
483
483
485
489
485
488
486
485
483
483
481
488
487
485
480
485
483
490
494
507
513
523
530
539
542
550
553
560
560
563
562
563
562
558
550
549
537
531
525
516
509
511
506
507
505
500
507
508
513
509
513
514
516
512
517
513
512
508
510
508
506
501
499
496
497
493
496
489
489
486
485
482
484
480
483
481
483
481
486
480
483
483
484
480
480
483
484
492
504
511
522
530
539
549
557
558
559
562
561
564
558
556
552
549
542
535
530
527
519
514
508
511
506
507
506
506
506
508
507
510
507
508
506
509
508
508
504
501
500
500
497
493
490
488
490
491
492
490
490
486
488
485
484
480
485
481
484
477
482
481
481
480
481
478
487
485
491
494
504
512
521
523
530
543
550
552
561
561
561
561
563
557
555
547
543
537
527
522
521
516
515
519
512
513
512
512
509
508
509
510
506
510
506
508
502
507
502
502
499
503
497
497
495
495
491
495
491
489
486
485
483
486
479
482
482
482
478
473
473
474
473
475
479
479
485
483
490
492
497
505
518
525
529
536
546
551
559
557
559
560
564
556
560
552
549
542
540
533
527
518
514
513
511
509
509
504
505
503
504
502
497
501
499
503
503
503
505
502
503
506
502
506
501
501
500
496
496
495
489
489
486
486
480
478
478
482
479
478
480
478
472
475
476
475
478
482
481
488
487
496
506
516
521
528
535
542
547
554
558
557
561
566
565
562
558
552
549
545
537
530
525
515
513
508
510
504
505
504
505
503
504
501
505
500
503
500
502
499
504
501
503
501
505
499
498
495
496
491
495
490
485
484
483
481
478
482
479
486
481
484
480
482
482
481
481
483
481
486
486
489
493
502
510
517
519
527
535
545
549
556
553
562
562
565
559
560
553
552
544
541
533
528
523
513
508
507
503
501
504
503
506
509
511
511
514
512
513
512
513
511
513
506
508
503
506
498
499
494
495
493
495
490
492
487
489
485
483
481
481
479
482
478
483
478
481
482
483
485
485
491
497
505
516
526
535
540
550
557
559
565
563
565
560
562
554
553
545
540
532
527
523
516
507
510
506
502
501
501
504
507
506
507
506
510
508
512
510
510
511
513
509
508
502
499
497
493
491
492
490
487
491
489
489
488
486
483
484
481
485
483
481
480
484
480
482
483
485
489
499
504
514
523
537
542
558
563
569
566
574
569
571
565
560
552
548
539
530
525
520
514
508
502
500
497
495
504
506
514
510
515
516
518
515
518
517
514
513
516
511
512
508
510
501
501
495
494
489
490
488
487
489
489
482
487
485
482
482
487
482
481
477
478
478
479
482
489
500
505
517
522
534
542
551
555
564
565
573
572
571
565
565
554
553
544
541
537
532
522
520
513
512
511
509
506
506
505
506
505
507
507
505
509
508
504
504
504
501
499
501
501
500
503
499
502
495
498
493
491
492
491
487
488
486
484
481
483
478
484
482
484
486
490
492
501
501
513
520
532
535
546
549
557
558
563
561
562
564
561
553
548
540
537
528
526
522
516
516
507
512
511
509
509
515
508
515
510
514
513
514
515
514
513
512
511
510
508
506
504
507
501
500
494
496
490
489
487
488
484
484
481
485
482
483
477
479
478
476
482
490
497
506
516
522
530
536
546
548
554
560
560
557
557
556
554
547
549
541
538
534
529
522
518
517
527
528
551
565
587
597
604
600
597
590
587
576
564
549
535
524
517
509
509
509
508
508
509
508
506
510
505
502
493
493
487
482
476
473
467
469
464
468
470
476
484
494
504
521
533
552
565
586
600
613
612
611
607
604
599
599
597
598
611
623
642
648
660
666
666
668
670
665
665
656
647
630
620
606
592
577
562
544
529
513
499
487
475
457
