Serial Number - 20
Age - 26
Medical Condition - Post Lunch
Time of Day - 3:25 PM
BP - 110/70


0

553
538
517
505
495
484
477
468
465
462
461
459
461
461
463
462
462
461
461
463
460
459
454
0
497
469
448
432
419
415
411
412
413
417
419
423
427
432
428
430
429
435
433
437
433
435
431
434
432
434
434
436
435
439
439
440
445
459
473
500
528
562
593
623
650
674
695
707
715
715
712
707
700
685
672
656
645
630
612
595
582
566
553
537
520
505
497
485
475
467
465
463
463
462
467
466
470
470
473
470
473
471
471
468
468
461
460
455
451
446
445
441
438
433
431
429
426
428
422
426
423
424
422
423
425
431
441
462
483
517
549
594
626
656
679
700
709
717
716
714
705
694
679
669
654
641
622
610
594
584
568
552
535
522
505
493
482
470
465
457
462
459
462
461
462
463
464
460
464
465
464
460
459
455
455
448
448
441
439
437
435
430
428
422
424
420
419
419
418
416
420
418
420
416
419
424
440
459
482
517
545
580
613
645
672
701
712
722
720
717
707
698
683
671
654
640
618
606
590
579
564
549
531
517
499
490
477
468
461
457
454
456
453
456
455
457
456
463
460
460
457
453
449
449
444
441
437
432
434
427
429
425
428
424
423
422
421
418
420
417
417
415
421
417
419
415
418
416
421
426
440
456
483
515
548
581
620
653
684
706
724
731
736
729
724
708
696
683
666
649
628
617
598
583
569
558
541
528
510
500
487
479
468
466
460
461
457
463
465
468
469
473
472
473
471
469
462
460
452
447
438
433
425
420
412
410
399
398
393
386
385
382
379
379
379
379
380
382
386
387
391
389
392
391
395
397
405
418
442
469
506
539
578
610
653
678
697
708
714
712
708
697
686
669
658
637
622
601
588
570
558
539
526
506
494
478
466
451
445
439
440
439
438
439
439
444
448
451
451
451
451
453
447
445
440
442
436
438
432
430
424
423
420
418
414
418
415
415
413
416
411
415
410
413
409
413
410
405
408
412
415
417
434
455
485
519
554
591
633
664
688
705
718
718
722
712
705
689
675
654
640
621
607
590
575
560
545
526
513
497
486
475
468
461
458
454
457
455
459
458
458
460
463
464
464
461
461
456
454
450
446
445
443
443
437
433
428
428
422
422
419
418
417
418
417
417
413
417
417
423
421
425
428
441
453
479
504
539
572
609
641
667
689
708
712
717
710
703
688
672
654
634
615
599
585
572
556
540
527
509
501
487
480
471
466
460
464
460
465
467
473
472
476
476
479
475
477
471
471
466
463
459
456
450
448
439
438
431
429
425
423
420
415
416
412
414
415
419
425
437
455
484
518
555
590
628
669
699
713
731
734
737
732
725
709
698
679
662
640
625
606
593
574
560
541
527
508
500
477
473
464
462
458
457
457
458
458
459
459
460
459
461
459
455
452
448
450
443
443
430
428
422
420
412
411
410
413
411
414
412
417
421
436
450
477
505
543
576
612
640
678
695
709
716
718
713
707
694
682
663
646
627
612
597
583
568
554
537
521
509
497
486
473
467
460
454
449
452
450
453
452
453
452
454
451
452
451
452
448
448
443
443
436
432
427
425
417
416
413
411
408
409
405
408
406
410
412
417
433
458
491
528
559
598
644
671
694
704
716
715
716
704
695
679
666
642
629
609
595
579
565
545
530
511
502
487
477
464
459
451
449
445
444
443
445
449
451
451
453
451
453
448
444
439
438
437
429
428
423
421
419
420
418
418
417
419
414
412
411
412
411
411
412
415
414
422
427
451
473
509
541
580
613
647
672
697
710
720
721
721
709
699
682
669
651
636
618
600
584
564
548
532
517
503
491
481
475
465
462
454
455
454
457
457
460
460
462
459
461
457
455
454
455
447
444
439
437
431
430
422
419
415
414
409
409
405
407
405
407
404
403
402
406
408
410
413
418
431
449
476
504
539
579
616
647
676
694
711
715
717
710
704
690
674
656
642
625
611
593
582
565
552
535
514
500
491
480
473
468
466
463
466
467
470
472
479
480
481
478
477
476
469
472
467
464
456
454
447
444
439
435
431
429
426
424
419
420
417
419
417
420
418
421
425
433
445
476
502
535
567
608
639
673
695
716
724
730
725
721
707
694
677
661
643
625
608
596
579
566
555
538
521
503
491
481
470
461
456
447
450
449
451
450
451
454
458
456
456
452
455
448
448
442
440
437
438
430
427
422
422
418
419
413
413
411
406
405
401
401
402
406
413
423
441
468
499
537
572
609
641
678
697
715
721
724
718
711
698
687
668
656
631
619
599
586
569
555
539
525
508
495
476
467
456
450
444
442
441
438
441
441
443
444
447
447
449
448
451
450
448
445
442
440
435
430
429
423
423
418
419
415
417
413
412
408
409
406
410
410
414
412
420
424
441
466
497
530
573
609
645
673
701
717
724
730
724
716
707
690
676
659
641
630
613
603
582
570
550
535
514
501
486
480
468
459
452
449
448
450
447
452
451
457
455
455
452
453
449
448
444
443
437
437
432
430
425
421
417
418
416
411
408
407
406
407
408
408
416
414
416
415
416
414
416
415
422
431
450
477
514
550
591
628
668
696
721
737
747
746
742
730
720
699
684
665
648
629
613
594
577
559
542
522
503
490
478
468
459
454
449
452
449
452
451
456
456
461
460
463
459
461
455
454
448
447
441
441
438
431
425
425
419
420
416
416
415
417
415
414
413
416
414
414
412
415
413
412
414
414
419
434
453
480
521
559
597
635
673
698
723
734
743
736
730
717
703
683
665
647
629
610
594
574
562
539
526
505
497
481
475
465
459
454
456
454
459
458
462
464
468
467
467
467
467
464
461
457
453
450
445
444
438
436
433
431
425
424
422
422
418
420
417
418
415
419
417
419
419
424
424
432
443
466
490
526
558
596
638
673
697
715
723
732
726
720
706
688
673
650
632
613
594
579
564
545
533
513
503
488
479
467
462
454
454
449
454
451
456
461
465
465
469
466
468
465
464
457
456
451
449
441
438
432
430
426
424
420
417
415
410
408
407
406
407
406
410
410
417
433
450
481
519
560
598
639
673
704
726
742
749
750
744
733
719
705
686
670
650
637
615
602
583
566
547
534
513
502
486
477
464
459
452
451
446
450
448
454
454
455
457
456
457
455
460
456
458
455
453
446
443
438
435
430
431
423
424
418
418
408
410
409
410
407
414
412
422
434
458
484
521
561
603
637
674
699
726
736
745
740
733
724
710
691
672
653
636
617
600
585
567
554
535
521
503
492
480
469
459
453
448
448
445
449
449
453
455
460
458
460
457
456
453
452
446
444
439
438
431
428
426
423
417
418
413
411
406
406
404
406
407
407
408
409
416
419
428
442
465
494
539
576
617
654
690
714
737
745
754
749
745
725
713
695
677
657
641
622
607
590
574
552
536
522
508
494
486
470
464
455
447
447
446
449
450
454
455
455
456
460
457
458
453
450
447
442
433
431
425
424
418
416
409
410
406
411
411
416
417
424
425
431
431
438
439
446
445
452
455
464
476
498
522
550
598
638
676
713
741
764
777
784
788
778
770
748
731
704
685
659
641
618
598
575
559
536
514
497
485
473
465
457
455
453
454
454
458
461
464
467
469
472
472
471
473
467
466
461
457
448
442
435
431
429
424
422
419
421
419
418
417
421
419
421
422
424
421
425
420
420
417
422
420
421
419
428
441
465
491
536
575
617
650
685
708
729
737
745
742
732
719
707
688
667
649
631
613
598
581
565
551
537
521
508
498
484
478
468
464
458
456
456
457
458
458
456
460
457
458
454
451
446
444
439
438
430
429
422
421
417
417
414
413
410
412
408
409
407
406
406
405
408
406
406
407
408
408
415
414
418
418
420
422
436
454
482
512
553
590
631
665
697
718
735
741
745
733
723
707
691
672
656
635
619
599
582
565
547
529
517
501
491
477
464
458
451
448
447
448
450
452
455
459
462
464
464
465
462
462
456
456
451
443
438
436
430
427
420
419
416
414
411
410
409
415
411
415
410
415
411
416
414
418
417
421
422
419
420
427
432
446
470
498
531
570
612
646
679
706
725
730
736
727
719
705
692
670
652
631
611
591
575
558
542
523
512
493
487
475
468
460
456
455
459
460
466
469
475
474
479
477
481
477
474
470
467
460
455
450
447
445
442
443
437
436
431
432
426
426
422
422
422
423
420
420
418
425
432
445
463
491
523
567
601
640
669
699
717
729
733
730
721
710
691
676
656
636
615
596
579
561
545
532
514
501
489
477
471
459
458
451
453
455
459
458
463
463
468
467
470
471
473
471
471
466
464
459
459
450
451
443
442
436
433
426
423
421
422
418
419
419
427
439
460
489
523
567
608
645
680
709
727
743
747
749
741
734
715
700
682
666
647
631
614
599
579
566
542
527
507
500
487
477
466
460
452
452
449
451
453
458
458
460
459
459
458
456
454
453
450
448
443
437
436
433
433
427
426
418
415
412
410
404
405
406
411
415
431
451
484
525
566
602
641
672
701
717
728
729
732
721
711
696
681
662
648
628
614
596
580
563
546
528
511
497
485
474
465
462
454
457
454
455
453
457
456
459
457
457
456
456
449
450
447
445
438
437
430
430
424
425
419
417
415
416
412
411
409
412
408
412
411
415
420
442
466
501
538
577
616
652
687
711
732
742
743
740
732
717
704
684
670
650
633
614
596
578
566
547
534
511
499
483
473
462
454
445
444
442
444
442
446
447
451
452
451
448
451
448
443
441
439
437
435
430
425
427
423
425
420
420
417
418
417
419
415
414
414
417
413
418
416
421
422
430
440
460
492
533
568
609
643
677
703
724
735
739
737
728
715
701
682
664
647
629
611
596
580
565
550
533
518
503
491
479
473
461
458
452
453
452
455
454
457
458
459
459
460
452
455
450
451
443
441
436
435
432
430
425
426
422
423
417
418
419
420
415
414
414
413
413
411
410
411
416
417
419
417
422
424
435
450
481
514
554
589
628
661
692
713
733
740
743
733
725
708
695
674
658
642
627
608
594
574
559
539
524
507
495
483
473
464
456
453
453
455
457
460
462
468
469
473
473
474
471
471
466
465
458
454
447
444
437
435
429
430
423
423
419
417
414
416
414
418
416
416
415
419
417
420
421
424
423
431
432
442
462
494
528
561
598
635
665
688
711
721
728
723
717
702
688
667
651
632
614
595
579
559
540
521
505
491
483
470
464
457
455
453
458
459
464
467
472
473
477
473
477
473
468
465
465
460
455
451
445
438
434
432
429
430
424
426
422
421
417
418
417
421
419
422
419
422
428
443
462
492
524
564
602
639
671
708
725
740
742
744
732
724
709
693
673
656
635
619
600
581
564
547
531
513
498
486
479
468
461
456
456
453
457
456
462
465
469
471
473
474
477
478
480
477
477
476
475
467
463
456
453
444
442
433
429
425
423
416
418
416
415
413
416
419
425
440
465
498
533
579
618
654
685
711
727
738
737
734
726
715
696
677
657
644
624
607
588
572
553
540
524
507
492
484
469
461
451
448
443
446
445
450
449
454
454
458
455
451
450
451
447
441
438
434
430
427
425
423
422
418
418
412
411
408
407
403
405
403
405
404
406
405
409
419
437
459
495
529
570
605
645
673
699
715
728
727
727
716
707
691
672
655
634
620
599
583
568
553
539
525
508
502
486
478
467
460
453
454
450
451
452
452
451
453
453
456
455
454
449
449
445
446
438
438
432
429
423
422
416
415
411
413
411
411
410
407
405
405
403
402
403
409
410
412
424
439
465
496
538
576
618
653
686
708
726
732
739
735
724
709
694
677
661
640
624
606
594
575
562
539
524
506
496
483
474
464
460
453
447
445
450
450
451
453
455
456
458
463
461
461
461
459
454
452
446
447
438
437
431
428
422
420
417
417
412
415
410
412
407
409
405
409
407
413
413
422
433
454
479
513
548
588
628
665
691
709
721
727
726
719
708
693
682
662
647
624
607
588
575
555
540
522
508
490
482
468
461
454
455
452
457
458
462
463
469
468
473
472
476
474
474
468
464
461
455
448
444
438
435
430
424
417
415
413
412
409
407
409
411
415
416
419
421
431
444
466
496
532
566
605
642
676
701
721
733
741
733
730
715
702
684
668
648
632
613
597
576
558
538
525
506
497
482
471
459
451
447
446
447
447
450
454
459
460
466
463
468
465
463
457
456
452
449
443
441
433
431
424
423
416
417
414
413
408
410
407
409
406
409
409
412
419
431
446
475
506
547
585
624
661
700
723
738
747
745
745
736
727
710
696
675
653
632
615
594
580
563
550
530
513
498
487
471
465
454
451
448
447
446
451
448
453
454
457
456
459
454
455
449
448
444
440
436
428
426
421
419
415
412
411
414
413
415
416
415
414
414
411
412
411
411
412
418
424
446
468
503
539
583
619
659
691
719
738
752
753
752
738
727
709
692
672
655
634
619
595
581
562
545
526
508
494
483
471
462
459
451
452
453
456
456
460
460
464
463
465
459
461
459
457
451
448
441
438
433
432
424
421
418
417
412
412
409
412
411
414
411
414
410
413
411
407
410
409
411
411
412
414
428
441
465
498
538
579
625
663
697
723
746
756
759
752
745
730
715
690
674
651
637
619
597
578
565
547
531
512
501
487
480
469
463
457
457
455
457
457
459
461
460
464
463
462
461
460
459
458
455
454
448
446
440
439
434
431
424
424
419
420
417
415
416
416
419
417
415
418
415
420
417
422
421
423
421
426
430
442
459
488
520
558
594
630
662
694
714
728
735
734
724
712
701
685
667
645
625
604
591
570
554
536
520
505
493
481
473
462
459
455
457
458
465
467
472
472
475
476
478
476
477
470
468
463
461
451
442
438
433
429
425
423
421
417
417
419
416
420
420
421
420
420
418
420
419
420
418
425
426
438
454
483
513
550
589
631
666
699
721
740
747
749
742
734
722
708
689
671
651
633
612
598
578
559
544
525
509
496
483
472
466
460
457
453
456
455
460
461
467
465
468
466
464
461
460
456
454
450
448
441
440
433
427
422
422
420
419
416
415
413
415
413
413
415
416
414
415
412
409
406
409
410
416
426
445
471
504
546
585
628
667
703
728
748
761
764
759
750
733
721
701
686
662
642
620
606
586
573
551
539
520
507
493
483
468
463
456
456
453
455
455
453
455
457
458
460
462
459
459
456
458
451
449
444
442
434
435
425
424
417
418
411
414
412
413
410
412
407
411
409
412
411
413
411
413
414
417
422
442
461
492
527
567
607
646
682
709
730
746
754
749
743
733
723
706
689
667
652
633
611
592
577
563
549
527
512
498
486
475
467
458
455
452
456
454
457
456
462
461
467
462
464
460
459
454
450
444
445
439
436
428
423
417
414
411
411
410
409
413
411
415
413
417
416
418
415
417
416
417
415
417
414
419
421
436
451
483
517
558
596
640
677
712
738
754
759
762
754
743
725
712
690
674
653
629
610
591
574
559
542
526
511
498
491
478
474
466
464
459
460
458
459
458
464
463
467
466
470
461
463
457
455
449
448
442
442
433
430
423
422
419
417
414
414
411
413
411
412
412
412
413
412
412
411
413
414
422
420
421
422
426
429
438
454
483
515
555
602
644
681
713
736
753
757
760
757
748
728
709
688
671
648
632
612
596
581
567
547
533
510
503
488
483
471
463
459
455
456
456
460
465
465
471
473
474
476
473
472
468
465
456
453
447
443
435
434
426
426
422
422
415
416
416
416
416
418
416
422
418
425
421
424
424
427
424
429
429
436
446
461
483
515
557
595
629
666
691
713
732
737
740
733
722
704
689
664
646
626
611
592
575
557
543
519
506
491
481
473
468
460
460
460
463
467
475
473
481
482
483
481
481
477
472
472
463
460
454
449
443
440
433
433
430
430
425
426
421
424
417
420
419
419
418
421
419
425
431
447
469
500
532
570
610
649
678
707
729
741
743
743
732
720
703
689
669
652
630
612
594
575
557
541
524
508
501
488
480
469
465
459
460
457
464
464
469
468
474
471
471
472
470
469
467
462
462
453
452
443
438
435
434
425
425
419
420
416
418
412
415
413
417
413
417
419
426
443
466
496
533
578
620
656
688
718
736
753
753
755
743
736
715
700
680
665
645
631
609
591
574
561
544
524
506
497
484
478
463
461
454
455
453
457
456
459
458
462
461
458
458
454
453
450
446
441
437
434
435
429
430
424
424
421
419
416
417
412
412
409
411
411
412
411
413
415
420
427
446
467
501
534
576
614
653
686
723
739
750
751
752
742
732
716
697
680
661
638
620
604
589
573
559
546
530
516
498
489
478
473
464
460
455
457
454
459
458
463
461
465
461
460
457
458
455
452
446
443
436
434
427
425
419
420
415
418
412
410
409
412
411
412
413
413
417
416
418
418
424
422
422
422
425
425
433
444
465
491
532
569
619
657
694
721
742
754
763
757
754
740
728
706
689
670
654
634
619
601
587
569
554
533
514
497
485
472
465
457
455
454
454
458
460
466
467
470
467
470
468
467
465
462
457
454
445
444
437
437
429
426
421
421
417
418
412
416
414
415
414
416
415
418
418
420
418
424
424
425
421
418
417
416
415
417
426
432
444
467
497
529
569
612
651
686
717
738
750
752
751
741
735
719
703
682
662
643
623
603
589
572
558
539
524
506
496
481
478
465
466
462
464
464
464
465
465
468
473
474
475
473
477
474
471
469
462
461
454
451
442
438
433
430
425
423
418
420
417
419
419
419
419
420
423
425
421
423
421
423
422
425
423
427
429
436
448
470
496
528
561
600
643
674
701
721
736
739
741
730
720
704
686
660
645
625
610
591
577
560
544
525
512
492
485
473
469
458
457
454
457
456
462
462
467
468
471
469
468
465
467
463
457
453
445
440
436
430
424
421
422
425
418
418
418
417
415
418
416
418
419
419
416
417
415
418
417
419
419
422
423
431
442
465
494
534
578
623
658
696
724
745
758
766
763
759
746
728
707
687
666
645
627
609
592
577
563
548
532
516
505
490
483
472
468
460
460
456
458
457
460
460
461
462
466
463
465
457
459
454
453
445
442
435
434
427
426
420
419
415
410
407
407
405
405
405
404
405
407
410
413
416
417
422
417
423
416
418
416
417
417
420
428
447
464
500
535
580
622
665
700
737
754
771
772
770
760
750
734
716
693
671
646
628
607
592
573
555
542
525
506
496
486
474
467
463
460
458
460
459
461
461
466
465
468
465
467
464
464
458
456
452
450
444
440
433
431
425
424
419
419
415
417
411
416
408
411
409
411
410
414
412
412
411
410
411
413
412
413
413
414
417
416
423
424
437
454
482
514
554
597
642
679
719
742
765
771
775
765
758
742
726
701
685
661
644
622
600
582
569
552
538
518
506
493
481
470
464
458
456
455
454
455
457
464
466
472
473
473
470
470
465
464
456
457
450
448
439
438
432
430
423
421
416
416
413
414
409
410
411
410
409
411
413
417
416
418
415
420
420
422
420
418
419
419
424
434
451
478
516
552
603
642
681
712
736
750
760
758
753
740
720
698
679
656
638
614
597
576
561
543
530
512
503
490
484
471
471
462
463
460
463
465
473
472
478
479
481
479
480
478
476
472
468
461
454
453
448
447
441
440
432
431
424
423
416
420
417
418
414
416
414
418
415
419
417
422
422
428
431
445
465
496
530
570
612
655
686
717
735
743
750
748
737
726
704
685
665
644
628
607
593
574
558
539
523
505
493
480
471
461
457
451
453
450
457
459
467
466
472
474
474
473
474
469
468
461
461
453
450
441
439
433
430
424
418
414
412
411
411
411
411
410
411
415
414
419
418
421
422
428
433
450
469
504
536
580
620
662
708
739
759
772
774
774
765
754
736
719
697
675
649
630
609
594
576
563
544
526
510
498
485
475
470
465
462
460
462
462
464
464
471
471
473
471
473
466
465
461
462
456
452
444
442
436
435
427
427
423
425
419
416
413
414
412
414
410
412
410
414
412
415
416
428
440
462
490
527
566
607
649
684
718
741
762
766
767
757
747
728
713
689
674
649
628
608
593
573
560
542
531
512
502
488
481
468
464
459
457
456
460
459
464
465
469
468
471
468
468
465
458
455
449
446
442
436
434
430
426
426
423
422
419
424
418
421
417
420
416
417
415
419
417
417
417
421
421
430
441
462
491
532
570
610
649
687
716
740
754
762
760
752
739
726
704
684
663
646
627
604
588
572
560
543
531
512
505
491
483
473
469
464
464
463
463
463
468
467
469
468
471
467
470
463
463
458
456
453
448
443
438
434
431
425
428
420
421
417
414
413
412
413
414
415
415
418
418
423
424
428
426
433
436
449
464
490
519
557
593
633
663
697
717
738
742
745
738
728
714
699
678
661
639
621
600
585
565
552
534
521
504
491
483
472
466
459
457
457
461
465
473
476
482
484
489
487
487
483
483
477
472
464
460
455
449
442
438
431
432
427
425
420
421
418
421
418
420
420
421
420
427
423
428
429
442
450
474
501
532
567
604
640
672
698
720
735
736
736
728
717
699
684
664
648
626
608
590
572
554
539
519
509
492
485
473
468
461
460
457
460
460
465
466
469
470
473
472
474
469
470
462
463
456
447
442
438
434
430
427
424
425
423
422
420
421
417
417
414
416
412
417
419
422
419
426
433
448
471
504
538
587
625
664
692
721
739
752
753
754
744
734
713
698
679
664
646
627
610
590
576
558
543
525
510
500
493
482
477
467
468
461
464
461
463
461
465
464
465
463
463
462
462
455
452
446
444
440
438
430
430
424
427
418
418
414
414
412
413
411
409
409
408
409
411
411
415
420
429
446
466
498
529
568
605
643
682
710
726
741
743
744
737
728
714
700
679
657
638
622
602
590
572
561
544
529
511
501
486
478
469
464
456
456
453
452
453
453
458
460
458
458
458
457
458
455
454
449
448
440
441
430
431
425
425
419
418
414
414
410
412
406
408
409
413
410
413
411
414
414
418
420
429
439
460
482
516
550
583
624
657
693
715
730
738
738
733
727
717
707
687
672
648
634
614
601
580
565
550
534
513
502
488
479
470
465
461
462
457
461
460
464
466
469
469
469
470
469
466
464
457
456
449
442
437
433
430
426
423
421
419
419
421
422
421
420
422
420
422
420
422
422
420
419
418
423
428
437
453
473
507
533
571
604
642
676
702
714
725
723
722
711
702
686
672
652
633
611
599
578
562
544
528
511
498
486
474
469
463
462
461
464
463
467
468
474
475
477
475
478
476
478
469
465
457
458
450
446
439
437
429
429
425
424
417
419
417
417
413
415
412
414
414
419
417
417
424
430
439
467
496
528
565
603
642
672
702
718
732
738
739
728
720
704
689
670
654
634
620
601
586
568
554
537
522
505
495
482
474
463
458
452
452
453
455
456
462
461
463
462
464
461
460
458
456
452
448
448
443
440
437
433
429
429
424
423
418
419
415
416
412
414
412
414
412
415
412
420
425
441
456
488
518
561
596
635
668
701
720
736
738
741
733
721
707
691
675
659
643
628
608
595
584
569
552
533
518
502
493
480
471
462
462
456
456
452
457
454
461
458
460
460
462
460
459
453
451
446
443
435
435
430
429
423
420
418
413
411
413
412
411
410
409
410
411
416
414
419
418
421
419
420
422
435
447
472
500
537
578
618
653
687
713
733
741
750
745
740
723
713
695
677
658
640
620
605
588
575
556
541
522
508
492
480
469
461
455
452
456
455
462
460
462
463
468
467
468
464
464
460
458
452
447
440
440
436
432
427
424
419
419
414
416
414
416
412
413
411
413
412
417
414
417
417
418
419
424
430
439
460
489
523
564
603
639
672
699
724
739
748
744
740
727
712
693
677
654
638
619
603
584
569
552
534
515
505
491
483
472
470
461
463
459
461
461
467
467
473
471
475
473
469
468
463
460
454
452
449
444
444
442
437
437
433
434
427
428
424
426
422
423
419
419
419
420
419
422
422
428
432
448
464
495
525
562
597
635
667
693
711
719
725
726
718
706
690
673
652
635
618
600
585
568
557
538
523
506
495
483
474
466
464
458
460
457
460
465
469
468
469
468
472
468
468
461
459
457
455
447
442
439
436
432
429
425
425
420
422
417
413
412
409
409
409
411
412
411
417
426
433
456
481
513
545
588
619
657
687
714
731
744
746
745
732
725
705
690
669
655
635
620
602
586
568
556
537
523
504
495
482
474
467
455
452
456
454
454
453
456
459
459
463
461
464
463
464
456
457
450
449
442
441
434
431
426
426
416
417
415
416
413
415
412
414
409
414
411
415
416
424
432
449
469
504
536
583
619
658
687
709
725
733
735
733
727
712
700
685
672
651
636
617
603
587
574
555
538
520
504
490
481
469
465
459
458
453
455
457
459
459
463
461
462
460
462
457
457
450
449
443
441
435
434
427
423
418
414
413
413
412
411
411
411
414
415
417
416
420
418
418
416
417
418
426
435
456
480
514
548
596
631
669
695
720
733
741
737
735
724
712
694
681
658
642
623
611
591
574
558
540
522
506
493
482
475
468
468
464
465
460
466
463
466
464
468
469
472
468
467
461
461
456
456
448
445
441
439
430
428
423
423
420
419
417
417
414
414
413
415
413
416
416
416
415
418
420
423
432
447
473
500
536
570
605
647
678
701
717
725
728
723
716
701
686
664
647
628
611
594
580
561
547
529
514
499
486
476
471
463
462
459
462
460
466
468
468
471
472
473
471
472
470
467
465
465
460
455
452
446
440
438
430
429
422
421
418
418
415
417
413
413
411
414
415
419
422
435
456
482
513
548
579
621
654
687
708
724
731
734
727
720
704
690
673
654
634
616
600
584
568
550
537
520
506
492
482
471
468
459
457
454
459
459
463
464
464
464
471
468
467
462
464
457
455
450
447
443
439
435
432
425
423
419
419
413
414
410
406
407
406
404
408
414
421
438
462
494
527
567
604
644
673
708
726
739
741
743
733
725
708
696
676
657
636
623
602
590
575
561
542
528
510
500
483
477
468
465
459
457
457
457
457
459
459
463
463
465
464
463
464
462
461
456
456
449
448
440
436
431
430
425
425
422
419
416
416
413
416
413
417
416
422
424
434
448
479
509
545
580
620
654
684
704
725
735
737
731
723
710
697
680
664
647
630
619
604
586
566
555
535
520
503
491
477
469
462
455
451
451
449
451
449
455
455
458
457
457
453
454
450
449
443
443
439
437
431
428
426
425
419
418
414
410
406
403
405
404
404
405
410
409
413
415
424
433
454
476
507
539
582
613
648
672
695
707
716
715
712
704
694
674
660
644
624
607
593
576
561
543
