Serial Number - 21
Age - 44
Medical Condition - Post Lunch
Time of Day - 3:40PM
BP - 153/88


0
13
513
512
513
519
522
6
525
525
523
524
524
525
525
526
523
526
522
522
521
520
518
517
513
515
514
513
513
512
513
519
522
0
521
484
461
443
434
427
431
431
440
446
456
464
477
483
493
498
507
510
514
517
518
518
522
523
523
524
523
529
524
525
521
520
514
511
510
509
505
502
496
496
490
494
493
497
496
499
497
498
494
497
496
495
494
497
494
496
494
493
490
493
491
491
491
488
488
488
489
487
487
492
497
495
497
496
500
501
503
503
508
508
513
513
515
516
519
520
523
521
527
526
531
530
534
532
533
533
532
525
524
519
519
512
517
512
511
505
501
501
501
501
503
503
505
508
507
510
506
511
511
514
512
515
516
522
523
526
521
522
516
517
510
510
506
507
505
503
502
501
500
504
503
508
508
512
514
514
515
516
517
519
519
524
524
523
526
527
532
531
533
533
529
527
523
518
514
510
514
513
516
515
518
514
513
511
514
511
512
508
510
506
509
509
508
507
512
509
509
506
509
507
507
505
506
505
505
505
503
507
507
514
510
516
513
517
515
517
515
518
518
527
525
529
524
529
525
529
526
527
520
521
514
515
512
512
515
518
515
518
517
519
518
519
515
520
517
514
513
514
517
517
518
517
519
520
522
520
518
515
513
510
508
505
504
501
502
497
495
492
496
494
495
493
494
491
495
493
497
494
500
498
502
500
502
501
504
504
502
503
504
505
508
509
513
514
515
524
525
530
530
534
535
533
532
533
530
529
524
524
519
520
515
516
513
517
511
513
512
512
510
511
507
508
508
513
510
512
508
511
507
505
501
501
498
498
501
500
500
498
501
500
504
501
505
501
506
502
501
501
504
501
505
501
504
502
507
507
512
512
519
521
521
523
527
530
532
530
533
530
535
531
533
529
527
526
524
520
520
518
518
515
514
517
518
524
520
517
514
513
509
513
514
517
517
520
516
516
513
517
511
514
513
511
511
511
508
510
508
512
510
514
510
514
512
513
510
511
509
507
503
506
507
507
510
512
520
522
524
523
525
523
526
525
524
524
528
525
528
525
527
523
527
524
524
524
528
526
529
525
527
525
523
516
514
514
515
513
516
515
513
508
507
503
504
504
505
506
505
508
506
508
505
505
506
506
502
501
496
499
496
494
490
490
488
489
485
486
483
489
488
495
494
494
499
503
504
508
510
518
519
525
522
527
524
523
521
521
520
520
519
515
513
514
515
514
515
513
513
511
510
507
509
508
511
507
509
501
506
502
503
502
501
501
506
504
505
504
510
507
508
503
507
505
506
503
501
499
498
495
494
493
494
493
493
490
489
494
493
495
496
498
494
498
496
498
498
500
500
502
501
504
506
509
510
513
511
516
516
519
519
522
519
518
513
514
510
510
504
506
502
499
495
492
490
490
490
490
489
487
492
491
489
488
491
489
489
488
490
488
491
487
490
488
490
486
488
484
485
484
485
483
488
485
488
486
489
487
491
492
499
499
503
502
506
504
505
506
510
514
513
516
516
522
524
527
528
530
530
533
530
531
523
524
520
520
516
517
516
518
516
516
513
517
515
516
512
516
513
519
521
522
520
524
520
518
514
512
507
507
500
499
496
495
494
494
495
496
496
498
503
502
504
500
501
499
502
498
500
500
502
503
506
509
516
517
524
528
538
539
547
549
556
556
561
562
566
565
570
568
571
570
573
569
563
558
550
540
533
524
513
504
501
501
495
497
493
497
496
500
500
502
500
504
502
508
510
511
509
513
512
516
515
521
522
523
519
523
523
528
522
522
516
516
515
515
510
509
512
512
514
515
520
522
527
534
539
541
547
546
548
545
547
544
543
537
540
531
530
523
521
517
520
519
520
519
524
522
529
526
530
526
529
526
524
518
518
516
514
511
513
514
518
517
517
514
515
513
514
517
517
519
516
519
514
515
512
516
514
513
512
513
508
513
511
515
518
523
524
528
529
534
534
535
531
533
529
532
532
532
531
537
535
538
540
536
536
536
537
537
535
535
533
534
538
539
542
539
540
538
536
531
532
525
525
519
517
513
513
510
510
510
511
509
509
504
506
500
501
496
496
495
497
496
495
491
494
490
493
492
493
494
496
496
499
503
508
512
511
514
510
516
517
522
522
525
525
530
528
524
517
514
511
510
506
508
505
507
503
505
506
513
512
513
513
514
512
515
510
509
509
514
512
508
507
507
505
505
505
506
507
509
513
510
515
515
518
517
520
518
520
518
519
516
517
518
523
522
526
527
530
529
534
533
536
536
535
532
535
531
533
528
529
527
528
526
522
519
517
515
515
512
511
516
512
515
515
518
517
517
514
515
512
513
513
515
514
516
516
515
512
512
511
514
510
511
508
511
506
506
502
506
504
504
505
507
505
507
503
498
500
503
505
506
510
513
516
521
526
523
523
525
527
523
525
522
526
525
527
524
523
521
521
518
518
515
520
515
516
510
513
514
517
517
520
520
520
517
513
509
511
507
507
504
502
500
501
499
497
499
499
505
503
504
505
507
506
507
502
504
502
504
498
500
498
500
496
501
498
501
500
503
503
506
509
513
513
520
521
525
524
527
525
526
526
525
523
522
520
517
513
512
509
509
510
507
509
506
508
504
506
503
507
503
505
504
505
502
504
503
503
501
503
501
504
501
504
502
502
499
499
496
499
497
500
499
501
498
501
495
498
496
496
494
495
495
495
496
498
499
507
514
513
518
518
524
524
527
525
528
526
529
523
521
515
515
513
519
515
518
515
517
511
515
512
515
511
513
507
508
507
507
506
508
508
511
509
505
501
500
500
500
498
499
500
499
503
499
503
503
505
503
501
501
501
498
500
498
499
497
500
498
501
500
503
502
507
507
512
514
519
519
523
522
527
526
529
527
527
522
523
518
516
514
514
512
513
516
518
520
520
525
526
528
525
526
523
523
515
518
515
514
512
513
508
507
503
506
499
500
496
498
496
499
498
501
500
502
498
501
498
503
499
502
501
500
502
498
499
499
502
502
504
504
512
514
520
517
521
522
526
526
528
526
529
527
530
527
529
527
529
525
524
521
520
520
520
515
515
512
514
511
512
508
511
508
510
506
509
510
512
507
506
504
505
502
500
500
500
504
504
504
503
505
503
505
502
502
499
504
501
501
500
500
498
501
499
502
500
504
500
504
502
504
505
508
507
512
511
515
516
519
519
521
518
520
521
519
519
520
521
518
523
520
522
518
519
515
515
510
509
506
508
505
506
503
506
503
503
503
504
504
505
503
505
503
505
503
504
498
501
497
500
497
497
498
499
495
492
489
488
487
489
489
489
490
491
493
495
502
502
505
507
510
513
515
516
518
517
524
524
525
522
524
525
527
526
527
525
529
526
521
514
514
514
518
515
519
516
517
513
515
510
509
510
507
504
503
503
504
503
504
508
509
510
508
509
508
507
503
504
501
501
498
497
494
494
491
493
491
495
492
496
495
499
500
504
509
514
515
520
521
524
525
526
525
523
521
520
519
520
519
519
519
519
519
518
519
513
511
514
518
518
520
519
519
516
517
514
516
514
513
509
512
511
512
510
512
511
514
510
512
509
512
511
515
513
514
512
514
510
507
503
507
507
505
502
500
500
500
505
505
512
512
518
517
518
517
523
522
525
525
528
524
525
523
525
518
518
514
516
509
514
515
519
516
520
517
520
516
516
512
513
509
510
507
508
505
505
505
503
503
507
508
508
512
511
514
513
516
513
515
513
515
513
511
510
511
506
510
507
508
506
507
504
504
503
505
503
507
505
509
507
511
510
513
511
515
518
521
522
523
518
513
513
510
511
512
516
519
524
523
525
522
520
514
513
513
512
512
512
510
510
507
510
506
508
504
508
507
507
504
506
505
505
504
505
504
507
502
503
500
502
499
503
500
498
498
497
496
496
495
497
500
500
505
504
508
510
513
514
517
518
521
517
519
517
521
517
518
511
516
516
516
517
517
518
521
517
514
513
513
512
513
509
510
506
508
507
502
499
498
497
498
498
499
500
501
505
504
510
510
513
511
511
511
511
508
509
507
510
504
509
507
508
505
507
504
504
502
502
499
503
501
503
502
507
505
511
509
512
513
519
514
512
516
517
520
515
515
515
519
523
524
523
525
521
520
516
520
519
525
522
526
522
520
518
520
519
519
517
517
513
514
509
511
509
507
508
509
504
506
502
507
504
502
501
500
502
500
500
500
502
504
510
508
514
513
517
516
517
517
520
522
524
520
525
526
529
529
530
529
534
528
529
526
524
524
526
524
524
519
520
516
516
510
513
512
508
506
503
506
504
505
505
503
506
506
507
509
508
513
513
514
513
513
510
513
509
509
504
506
505
504
500
503
499
502
500
503
501
504
504
504
502
506
504
509
508
514
515
518
515
518
519
521
522
523
524
523
529
527
526
526
526
526
522
520
521
516
515
508
512
509
512
508
511
509
512
509
510
510
510
507
509
507
509
505
508
504
507
503
505
501
500
499
496
499
498
500
498
497
498
502
501
506
505
506
506
505
502
505
503
506
504
508
506
508
509
510
509
513
514
517
513
514
513
515
515
517
514
517
510
514
508
511
511
513
510
509
507
510
508
506
502
500
504
504
506
503
506
505
504
502
503
500
501
498
499
495
498
495
499
496
499
497
500
500
501
500
504
501
507
504
506
504
507
501
503
500
502
503
503
503
506
505
504
505
503
506
505
507
508
513
511
511
514
520
517
522
520
524
518
519
516
514
510
512
510
511
511
514
512
516
514
518
517
520
519
519
518
519
515
520
514
513
512
514
513
511
508
509
511
513
512
510
513
513
511
509
511
512
512
511
513
509
514
513
512
510
516
516
518
520
524
523
523
519
516
513
515
514
521
520
524
522
524
520
518
511
510
505
502
492
482
474
466
457
446
437
429
422
412
409
398
396
387
379
369
360
348
341
325
316
304
296
287
277
269
266
259
264
264
269
274
284
294
306
315
330
342
357
367
382
393
405
414
421
432
441
453
462
469
473
479
487
494
495
497
494
493
485
484
478
477
474
476
473
474
471
470
467
468
466
467
466
471
470
473
468
470
464
463
458
457
453
455
454
454
453
457
455
457
456
459
462
469
473
478
481
480
488
485
490
489
491
492
493
490
489
485
484
478
479
472
476
474
480
483
493
501
516
521
533
539
556
564
576
582
596
605
615
622
632
635
645
648
651
650
649
649
647
648
646
652
656
663
669
674
677
683
682
688
690
693
693
695
690
685
679
682
675
675
665
661
655
650
640
639
631
627
619
617
612
613
609
611
608
611
608
611
609
609
606
607
604
603
602
599
602
598
601
597
598
595
593
589
588
583
583
573
573
566
567
561
560
556
555
549
546
539
539
534
535
529
529
525
525
524
522
520
519
515
513
509
511
508
505
504
504
502
500
497
495
500
499
502
495
498
498
499
498
499
501
501
504
506
503
506
504
508
509
510
509
513
512
511
508
507
507
508
506
507
500
502
496
495
488
488
487
485
480
479
477
477
479
480
479
480
483
483
485
481
484
485
485
485
484
484
487
484
487
486
491
491
493
493
492
493
497
496
498
497
503
503
507
505
510
509
511
509
514
514
517
515
516
516
517
515
516
516
515
517
514
518
513
515
514
515
510
511
508
510
505
503
498
498
494
501
500
509
507
510
510
511
510
513
511
514
507
510
508
511
509
511
507
510
507
503
503
504
506
503
504
507
508
512
517
516
520
521
524
521
527
525
529
527
529
527
531
528
528
526
526
526
526
521
520
515
514
513
516
514
520
520
520
515
517
514
516
512
509
504
503
499
497
495
495
496
497
501
499
503
503
506
504
507
506
509
507
511
508
510
507
512
510
514
516
520
519
524
520
523
524
524
521
522
521
522
519
521
517
518
518
514
513
510
511
508
509
510
511
513
519
520
522
522
525
525
526
521
522
515
517
515
518
514
516
515
514
511
512
508
509
505
508
505
508
503
507
505
507
508
509
508
511
507
506
505
506
510
510
514
515
516
520
522
522
528
528
532
529
530
526
528
526
526
521
523
518
519
513
513
511
514
509
511
509
509
507
509
504
507
503
506
503
506
502
504
502
499
500
499
501
502
501
501
502
504
509
510
511
510
511
510
511
508
511
510
513
509
509
508
513
509
514
512
515
514
519
518
520
520
522
517
521
519
521
518
514
510
513
512
509
506
504
501
500
499
500
499
499
505
504
505
506
508
507
510
509
510
507
509
506
507
499
502
499
501
497
499
497
499
499
499
497
500
499
499
500
502
501
504
504
507
506
506
506
506
508
508
511
510
511
515
518
519
519
520
522
521
522
518
521
514
509
505
505
505
504
501
502
499
502
498
501
497
502
497
499
495
496
493
498
496
500
498
500
500
500
501
500
499
501
498
498
496
497
498
498
503
502
506
505
507
504
505
504
507
507
509
507
511
508
513
512
517
516
520
519
520
518
521
519
519
514
515
512
516
513
513
516
518
519
526
528
530
526
519
516
517
516
516
513
515
512
514
515
514
518
515
517
516
518
514
517
513
514
511
513
509
512
507
510
507
508
505
508
507
508
506
507
505
507
507
511
510
513
513
516
516
515
516
517
518
517
516
518
517
517
519
516
517
511
516
515
515
516
518
516
519
515
515
511
516
513
511
510
512
507
507
504
503
500
502
499
502
497
500
498
498
496
501
500
500
499
501
501
502
502
501
503
507
513
509
513
511
514
512
514
510
514
513
516
513
515
514
515
518
521
523
528
525
529
525
526
525
529
526
525
524
523
520
522
518
521
518
518
516
512
510
511
511
510
509
506
510
513
517
514
517
516
516
515
518
514
515
512
513
512
513
511
513
510
511
508
509
506
509
506
510
507
509
507
510
506
509
506
507
506
509
509
506
507
509
509
511
510
515
515
518
519
516
524
527
530
527
530
526
529
527
528
524
523
519
517
515
515
512
512
508
511
509
510
506
509
508
511
510
511
510
510
508
509
508
505
504
505
504
502
500
501
501
501
504
504
506
506
506
504
504
504
507
506
506
503
503
502
503
503
504
501
506
503
508
505
510
508
511
512
516
513
518
516
517
515
518
518
516
511
511
508
509
506
507
505
508
508
505
508
508
509
504
509
507
509
508
508
508
506
505
506
502
505
500
504
501
503
502
504
501
506
504
505
505
506
505
507
506
508
505
508
507
509
508
506
507
509
508
509
510
511
520
520
525
526
528
527
531
528
529
527
530
528
527
519
516
511
516
515
518
515
518
517
519
513
516
514
517
514
515
513
515
511
513
510
512
512
515
509
508
507
507
506
506
506
508
509
510
511
510
515
513
517
514
513
512
512
509
509
509
513
512
516
511
515
512
515
514
517
516
519
520
522
520
518
512
512
511
517
519
519
517
521
520
521
521
517
518
517
517
515
516
512
515
514
515
514
513
511
511
507
509
505
509
507
509
507
507
505
507
508
508
506
510
505
507
504
506
503
504
503
505
502
504
501
504
504
503
503
503
503
505
509
511
512
515
522
523
527
522
522
519
518
514
515
513
516
513
514
513
519
520
522
518
522
522
527
525
527
523
520
515
516
512
512
509
512
510
512
508
506
503
500
496
495
500
501
500
499
503
502
506
506
504
501
501
495
494
488
486
482
483
480
479
479
483
484
488
490
497
500
506
505
511
510
513
514
518
518
522
522
525
526
536
552
584
611
621
611
589
563
534
505
489
477
467
464
462
461
463
470
472
480
482
490
495
500
500
504
504
506
506
510
507
508
507
508
506
506
503
503
501
504
501
503
497
499
497
497
496
493
492
493
493
494
495
496
503
505
504
506
513
514
518
519
523
522
521
518
518
517
520
518
521
520
523
519
522
519
525
525
528
524
523
522
524
521
521
520
521
519
521
514
512
509
510
509
508
507
507
513
512
514
513
517
517
521
518
521
518
521
521
523
519
523
522
523
519
521
521
525
523
527
525
528
527
530
526
529
526
531
527
527
524
526
521
522
519
516
513
513
514
514
517
519
515
517
519
517
518
514
515
508
511
506
505
502
503
501
502
498
500
497
501
499
503
499
502
500
502
501
504
499
503
500
502
500
502
502
505
505
507
506
506
506
508
510
514
517
517
520
524
528
529
532
534
534
532
534
533
531
531
532
526
526
523
524
516
516
515
518
514
515
510
512
508
512
511
514
512
518
515
516
514
514
510
509
505
504
502
505
505
503
502
505
508
508
511
508
510
508
510
507
509
508
511
509
509
506
510
508
510
509
514
514
518
516
517
516
518
516
519
519
519
517
516
514
517
515
520
513
516
514
512
516
518
518
518
518
519
522
519
519
516
514
513
512
509
511
507
507
501
504
500
504
503
505
504
505
504
507
504
507
505
507
503
505
503
503
502
504
500
503
498
501
498
498
496
497
497
497
499
499
504
507
512
512
516
513
517
517
520
520
521
522
524
520
522
516
519
515
517
512
511
509
511
507
509
506
507
508
510
508
511
508
508
504
504
504
508
506
503
501
500
502
502
503
503
505
505
511
510
511
510
515
515
512
511
513
509
511
508
509
508
512
508
509
506
507
506
509
507
512
514
519
517
520
521
524
523
527
525
528
524
529
525
522
521
522
520
514
515
515
514
516
520
520
520
520
520
516
517
513
514
511
512
510
512
509
512
509
513
508
511
510
511
511
512
511
511
510
514
511
513
508
511
509
511
509
509
510
509
506
503
501
501
502
503
504
506
513
515
518
520
524
523
526
524
527
523
521
515
514
513
514
514
518
518
520
518
522
521
523
520
518
515
516
512
514
513
515
509
511
507
509
504
501
497
499
500
500
498
497
503
504
508
509
508
508
511
508
510
506
511
507
510
506
509
505
506
503
503
501
505
502
504
503
506
504
508
507
513
512
517
516
518
519
522
520
514
513
513
516
518
519
518
525
528
528
521
522
515
520
517
518
515
515
514
515
511
510
508
507
505
507
505
505
503
505
503
504
503
505
504
508
504
507
504
507
505
506
506
505
503
502
501
501
500
500
506
507
510
508
511
511
514
515
518
517
520
521
520
517
520
514
515
513
516
516
521
522
524
522
524
518
518
513
518
516
517
514
515
513
516
513
510
505
503
503
503
503
500
504
502
504
503
505
503
508
507
510
505
507
504
505
503
503
502
505
500
502
499
502
501
501
497
501
498
500
500
500
498
503
502
506
504
509
510
509
513
511
512
515
516
516
513
513
515
514
518
516
520
517
519
518
518
516
517
514
515
513
516
515
517
516
520
522
523
520
519
516
519
512
513
510
511
508
509
503
505
504
501
500
501
500
501
502
505
506
507
510
509
509
508
511
507
509
507
510
508
510
508
509
510
513
511
515
514
516
515
518
518
522
519
527
525
526
527
525
524
524
519
524
520
522
516
512
510
507
506
506
507
505
508
506
508
504
508
509
511
511
515
513
515
513
515
510
512
511
514
507
509
506
508
506
508
506
508
506
506
505
506
507
517
527
542
547
551
543
530
517
509
501
497
494
490
486
488
494
496
504
503
511
513
519
520
523
521
522
520
522
520
520
518
519
513
512
507
510
506
508
507
508
505
505
504
504
502
505
503
506
504
504
501
501
502
502
502
500
502
503
507
507
512
510
512
512
510
508
511
507
510
509
511
506
510
508
512
512
515
514
517
515
521
519
522
520
524
522
521
516
516
514
517
513
515
512
510
510
512
513
514
515
518
520
516
518
519
521
517
516
511
512
508
508
506
505
503
502
500
500
496
499
498
500
497
500
501
505
501
506
501
504
504
506
500
504
503
505
503
501
498
502
500
501
502
505
508
510
519
516
522
524
528
528
527
525
526
524
524
520
520
517
516
509
511
505
505
503
503
503
503
501
504
499
501
502
506
505
505
505
506
505
503
504
506
504
506
508
508
508
505
511
509
512
510
512
510
511
511
515
515
514
512
513
512
511
506
511
509
513
511
513
512
519
517
520
518
518
516
516
512
519
519
527
523
523
524
519
519
519
518
518
521
518
521
519
521
516
519
518
518
514
515
513
510
506
508
505
505
504
506
501
505
501
503
502
506
506
508
506
508
508
510
507
509
505
511
510
509
506
508
508
509
509
510
513
516
519
520
523
524
528

