Serial Number - 22
Age - 27
Medical Condition - Post Lunch 
Time of Day - 3:54PM
BP - 131/89



0

497
493
490
487
485
483
483
482
482
482
483
484
485
485
486
487
487
488
490
491
492
492
492
3
508
502
497
493
490
487
485
483
483
482
482
482
483
484
485
485
486
487
487
488
490
491
492
492
492
0
542
464
397
363
335
331
326
340
348
369
382
409
421
443
451
460
469
477
482
489
496
503
518
523
528
525
539
541
553
552
560
557
563
559
563
557
561
555
558
546
546
536
538
528
531
524
527
520
524
517
522
515
519
515
520
514
519
513
508
504
502
500
499
507
504
510
506
509
504
508
501
505
497
502
496
499
493
496
490
496
490
495
490
494
488
493
486
492
493
506
506
515
510
515
508
511
501
501
493
494
487
482
478
477
477
477
478
480
480
482
491
489
497
494
499
496
505
502
510
510
512
511
523
524
535
534
544
542
550
546
554
550
558
553
559
553
557
550
554
540
536
524
524
514
507
502
499
498
498
499
500
501
504
514
513
521
517
524
519
523
514
517
509
511
504
506
499
504
497
501
496
509
509
518
513
516
508
512
504
507
499
503
494
497
490
494
487
482
479
478
477
478
478
479
482
485
495
493
501
498
504
499
504
498
502
497
505
503
511
510
521
521
532
531
540
538
546
543
550
547
552
542
542
533
533
526
529
522
527
520
515
512
510
510
509
509
510
510
512
520
518
525
521
527
521
525
517
519
511
514
505
508
504
516
515
522
517
521
514
516
507
509
501
505
498
501
493
496
488
493
488
493
486
481
479
476
475
476
479
480
482
484
494
493
502
498
504
499
503
496
498
492
495
489
494
488
495
491
499
498
508
508
513
512
526
528
541
541
551
551
559
556
562
556
559
553
557
550
543
538
533
525
517
511
508
504
502
512
510
518
514
520
516
519
513
517
511
515
508
512
504
508
501
505
498
503
496
500
495
508
509
518
516
520
514
517
510
513
504
506
498
492
485
480
479
477
477
477
476
477
486
484
493
491
496
493
498
493
498
491
496
490
494
488
493
486
493
487
493
488
495
492
499
498
506
505
512
510
523
526
537
537
547
545
544
543
552
549
546
544
540
540
535
530
526
532
527
530
525
528
521
525
518
522
515
520
513
516
509
512
506
510
504
509
504
509
504
509
503
508
502
505
500
513
513
522
518
514
509
505
502
500
498
496
494
492
501
497
503
499
502
497
500
494
501
498
502
495
499
493
497
491
495
489
494
489
495
492
499
497
507
505
512
512
525
526
538
537
546
545
554
549
556
551
547
537
530
524
521
518
516
524
523
528
524
528
522
527
520
524
517
520
513
517
510
515
510
515
509
513
507
512
505
510
502
505
503
515
514
520
515
521
514
507
501
506
501
495
491
488
487
487
495
493
500
494
496
490
494
488
493
487
492
487
493
488
492
486
491
486
491
486
493
489
496
495
506
507
514
512
525
527
539
540
551
550
557
553
560
556
553
550
548
539
534
530
528
534
532
536
532
536
530
535
529
534
526
529
521
522
515
518
510
515
507
512
505
510
504
507
501
505
501
513
513
521
517
522
518
522
514
516
507
499
494
489
485
483
481
481
491
490
496
493
499
495
500
495
499
491
496
489
492
486
491
486
491
486
489
483
488
483
487
482
488
482
490
488
497
495
505
506
514
512
527
528
540
539
538
540
543
544
546
548
550
551
552
561
557
562
555
552
540
538
528
527
517
520
513
516
509
514
508
512
506
509
503
507
502
506
501
507
502
508
502
505
499
504
501
500
505
508
509
510
510
510
508
508
514
509
513
506
510
504
507
500
502
496
499
492
496
488
493
486
491
486
491
485
490
486
492
487
494
488
495
492
501
500
510
510
516
511
525
528
532
535
538
539
541
545
547
549
546
551
545
550
543
547
539
540
531
533
525
527
520
523
516
519
513
517
511
516
510
516
510
515
509
514
507
511
502
504
501
514
514
523
519
514
511
507
503
499
497
494
492
491
499
494
500
496
502
497
501
495
499
493
497
491
494
488
492
485
489
483
489
484
491
486
492
487
494
489
495
492
499
497
507
506
512
511
514
519
523
530
535
539
544
547
551
562
562
570
566
571
561
557
547
546
535
537
525
527
520
523
517
518
511
514
508
513
506
511
506
512
507
514
508
512
507
512
506
510
504
498
503
507
509
511
511
510
508
507
513
508
510
503
507
500
502
494
497
490
495
488
492
486
491
486
490
484
490
485
491
486
491
486
491
486
490
485
490
485
489
482
488
483
478
477
477
478
481
486
491
497
504
512
512
521
520
530
532
541
541
550
548
556
553
560
555
560
554
558
551
554
546
549
540
542
533
535
526
526
518
520
514
517
511
522
518
532
532
530
525
521
518
514
509
504
512
507
513
507
510
505
507
500
503
495
499
492
496
490
495
488
492
486
492
487
491
486
491
486
492
486
492
487
493
488
494
489
494
489
494
489
492
485
480
477
475
474
474
474
476
487
487
497
498
506
505
516
517
528
527
536
535
541
530
530
524
530
525
532
529
536
534
542
537
543
539
545
539
543
535
539
530
533
526
528
521
516
512
516
521
524
525
525
529
526
535
530
534
526
527
517
516
507
508
499
501
492
495
489
493
487
491
486
490
484
490
484
491
487
494
489
495
490
496
491
496
491
496
490
485
482
480
479
479
480
481
490
491
497
494
499
494
501
497
503
500
509
507
518
517
527
525
535
534
543
541
549
547
552
548
556
543
542
532
535
528
532
525
528
521
525
519
514
512
517
522
524
526
527
531
533
538
535
537
529
531
523
524
514
515
505
505
496
498
491
494
487
492
487
492
488
492
487
492
488
493
488
495
490
496
491
497
491
497
492
497
490
486
482
480
479
478
479
481
483
485
495
494
502
497
503
498
502
496
498
491
497
493
499
496
505
504
511
512
524
524
534
533
542
540
547
539
541
535
540
533
540
535
542
538
534
531
530
529
528
536
534
537
533
536
528
532
525
527
519
523
516
519
511
515
507
511
504
516
515
523
517
519
512
513
506
509
501
504
495
498
493
497
490
493
487
492
485
481
478
476
476
477
488
487
485
487
496
493
500
497
504
499
503
496
500
495
498
491
495
489
493
487
492
485
490
484
490
485
492
489
498
496
508
507
514
512
525
528
541
541
540
541
542
542
542
544
545
546
547
554
549
556
550
554
546
546
538
538
524
522
510
511
504
507
500
504
499
504
499
504
500
506
501
507
501
507
502
506
501
506
500
504
498
497
500
504
506
507
506
505
505
505
511
506
512
506
510
503
505
498
501
494
498
491
496
490
495
489
494
486
491
486
492
487
493
487
494
489
496
494
503
503
512
512
524
526
537
536
534
535
536
536
532
531
531
531
532
544
543
550
546
550
543
545
537
538
529
532
524
527
520
524
516
520
513
517
510
514
510
522
520
527
522
527
520
523
515
517
508
509
501
495
490
486
483
482
482
482
483
484
496
496
504
501
505
500
504
497
502
496
499
492
497
490
493
486
491
485
489
484
489
484
489
484
490
485
492
490
500
500
510
511
518
512
516
523
530
536
540
545
549
552
553
564
562
570
567
568
561
563
554
550
535
533
522
522
513
513
506
511
506
512
507
512
506
512
507
512
506
512
506
510
504
508
501
513
513
512
510
508
506
504
503
501
498
497
505
502
508
503
506
500
503
496
500
493
497
490
494
487
490
485
491
485
491
486
491
486
492
487
492
487
491
487
492
488
493
489
496
493
494
496
500
506
513
511
519
527
535
550
553
564
564
571
567
572
565
570
563
565
551
550
537
536
526
527
518
520
512
516
509
514
509
513
508
514
510
515
509
513
507
512
506
501
501
507
510
512
512
512
511
509
517
512
515
509
511
504
506
499
503
495
499
491
495
488
491
485
492
487
493
488
494
489
494
488
494
487
492
486
491
487
493
488
493
487
482
480
486
481
482
484
487
492
498
504
511
520
520
527
527
536
534
543
540
548
544
550
547
552
546
551
545
550
542
545
536
538
528
531
524
526
519
522
515
519
513
516
511
518
516
527
526
523
519
515
512
509
506
506
509
505
508
502
505
498
502
495
499
493
496
490
494
488
494
488
493
488
494
489
494
488
493
488
494
488
494
488
494
489
495
491
498
495
502
500
500
502
505
511
515
521
528
534
539
551
552
563
560
567
561
566
560
562
554
556
546
548
534
528
515
514
510
520
517
523
520
526
520
524
518
522
516
519
511
514
508
511
504
508
501
496
493
490
489
488
488
488
488
490
499
497
505
501
506
501
504
498
502
495
499
493
497
491
495
489
493
486
492
486
491
485
490
484
490
485
491
488
496
496
506
507
513
511
515
520
526
532
537
541
545
544
542
551
549
557
553
559
554
556
549
551
543
544
535
536
527
529
521
521
514
518
510
515
508
513
507
512
505
518
518
526
522
527
520
522
514
507
500
495
491
488
486
485
484
485
494
492
499
496
501
497
500
494
499
493
497
491
496
490
493
487
491
484
489
484
488
482
488
483
489
484
488
484
490
487
495
494
504
504
512
512
516
520
525
529
534
539
543
547
549
560
558
566
562
566
560
563
551
546
534
532
522
522
512
514
507
512
506
510
505
510
504
509
503
506
500
504
498
502
497
511
513
513
511
510
509
507
505
502
499
497
496
495
503
499
504
499
503
496
500
493
497
490
494
488
491
486
491
487
492
487
493
488
494
490
499
496
507
506
514
510
524
526
539
539
548
546
548
540
542
535
530
527
525
525
525
525
524
525
526
533
530
535
530
535
528
531
523
524
517
519
511
514
509
521
518
526
521
524
516
518
509
511
503
505
497
500
492
496
489
494
489
494
489
485
482
481
480
480
481
482
484
485
493
493
501
497
504
499
504
499
503
497
502
499
506
505
511
511
523
525
536
537
547
545
553
550
557
553
559
548
546
537
540
533
537
530
534
527
520
515
512
509
507
506
508
517
515
523
519
525
519
523
516
519
511
515
507
509
502
506
499
502
498
509
507
516
510
515
509
512
503
505
497
497
490
493
486
489
483
489
483
480
477
476
476
476
477
479
480
482
493
493
502
499
504
500
504
500
506
503
511
509
520
520
532
533
542
541
551
549
557
554
561
557
557
547
548
541
544
537
540
532
535
528
521
516
511
509
508
506
507
507
507
517
515
522
518
522
517
520
512
515
507
510
503
506
498
502
494
506
506
513
509
514
507
510
502
504
497
498
490
494
488
493
486
491
485
480
477
475
475
475
476
476
478
479
491
488
496
493
499
495
499
492
496
489
492
486
491
486
493
490
498
498
509
510
516
511
525
527
540
541
551
549
556
552
558
552
557
550
545
542
546
541
536
532
523
515
510
507
505
514
512
516
513
518
513
518
511
513
505
508
501
504
499
503
496
500
496
509
509
517
513
519
511
515
506
509
500
503
495
498
491
485
480
486
483
480
479
478
478
477
489
487
495
494
499
494
499
494
499
493
498
492
496
490
492
486
491
486
492
489
498
498
509
510
515
512
525
526
537
537
547
545
553
550
558
554
559
549
540
533
527
523
520
517
516
523
522
525
521
525
518
522
515
519
512
516
510
513
505
509
503
508
502
514
514
521
518
521
514
516
508
510
501
505
496
499
492
495
487
491
484
479
476
474
474
474
476
479
490
492
499
496
501
495
500
493
498
490
494
488
492
485
490
483
488
482
487
481
488
481
486
482
490
486
494
493
502
502
512
511
522
522
532
531
541
540
538
538
538
537
537
538
540
541
543
552
550
557
547
546
535
533
525
526
518
521
513
516
510
514
508
512
505
510
504
509
501
507
502
512
509
517
512
516
509
511
504
507
501
496
500
502
503
503
503
502
500
500
507
502
506
500
504
497
498
492
494
488
492
487
492
486
491
485
490
484
489
484
490
485
490
486
492
487
492
486
492
487
493
488
493
488
484
481
481
484
488
493
498
504
510
519
515
522
520
527
525
533
531
538
534
542
537
543
538
544
538
542
534
537
530
532
524
526
519
521
514
517
511
516
512
526
525
533
527
523
518
513
508
503
499
496
493
492
499
495
502
497
503
497
501
496
498
492
497
492
496
490
496
490
494
489
494
489
494
489
495
489
495
490
495
488
495
490
495
490
494
489
495
489
485
482
480
480
480
482
483
485
488
502
504
515
518
526
526
530
521
524
518
523
516
522
520
527
524
530
527
534
531
535
530
535
529
532
525
528
520
524
517
520
514
519
513
514
519
520
521
520
520
518
516
514
522
517
520
515
516
509
511
503
506
499
502
495
499
492
496
491
496
491
497
492
496
491
495
489
493
488
493
488
495
491
496
491
496
491
496
492
500
499
499
500
503
507
512
511
517
534
539
548
548
557
554
560
554
558
551
555
546
547
539
541
531
530
516
516
505
508
499
511
512
522
519
525
520
524
518
521
514
515
509
502
498
495
493
492
491
492
502
500
507
504
509
504
508
501
506
499
503
496
500
496
499
493
498
492
498
491
497
491
497
491
499
497
506
505
515
515
524
524
534
532
540
537
537
528
521
517
516
517
518
520
527
536
538
544
540
546
540
543
535
537
529
529
521
522
514
518
512
515
511
523
522
527
523
529
523
526
517
519
510
512
503
505
497
498
491
495
487
481
478
477
476
477
479
484
494
495
502
500
507
503
509
507
514
511
519
517
519
520
532
533
543
541
549
546
553
548
554
550
556
551
555
549
553
545
548
538
539
525
522
511
503
504
506
508
509
510
511
511
512
520
517
523
518
522
515
518
510
511
504
506
498
501
494
498
492
497
492
498
491
496
490
495
490
495
490
495
490
495
488
495
489
495
490
485
482
481
481
482
484
488
492
498
511
514
527
529
539
539
548
541
541
533
536
530
537
533
540
537
546
543
549
545
549
542
546
538
541
533
535
527
529
520
522
514
519
512
513
515
518
518
518
518
516
514
512
510
507
515
511
517
510
514
504
506
498
502
495
499
493
498
491
494
489
493
488
492
486
491
485
491
485
490
485
490
485
491
486
491
487
492
485
481
478
476
475
476
478
480
482
483
495
494
502
499
503
499
503
496
502
499
505
501
510
508
514
512
523
524
535
535
544
543
551
547
554
550
553
549
554
548
551
543
546
537
539
531
522
518
514
511
509
507
500
507
502
508
504
509
507
511
506
511
506
510
504
508
502
506
498
502
497
501
495
507
508
517
513
518
512
514
506
509
501
504
496
499
493
487
484
481
479
480
480
480
481
482
493
491
499
496
502
497
501
495
499
493
499
495
502
500
510
510
519
519
529
529
538
535
536
528
532
526
532
528
535
531
538
533
539
533
528
524
520
519
518
516
515
516
514
524
522
530
525
528
522
524
517
520
512
515
510
520
519
522
518
524
517
521
511
513
504
506
497
500
490
493
487
491
485
490
484
489
484
481
479
478
479
479
481
482
483
484
495
494
502
499
503
499
503
497
502
496
500
494
498
490
493
486
490
483
488
482
489
485
492
492
503
503
514
515
526
526
535
533
542
539
548
544
550
545
542
539
537
536
529
521
516
522
518
522
518
522
517
522
517
522
516
521
515
518
512
516
511
523
523
530
525
528
523
527
520
523
515
516
507
508
499
501
492
495
486
490
484
479
476
476
475
477
479
483
495
497
505
503
509
504
508
502
505
497
501
493
496
489
492
486
489
483
488
484
489
484
490
486
492
487
493
488
494
488
494
490
497
493
501
499
499
501
504
507
509
512
515
521
528
539
541
550
547
553
547
546
536
536
526
526
517
519
511
514
511
522
522
531
528
528
525
532
527
531
523
526
519
522
513
515
505
507
499
493
488
485
483
483
485
485
497
498
504
502
508
504
509
503
506
500
505
498
501
494
498
492
497
491
496
491
496
490
494
488
493
487
493
489
495
490
497
493
500
497
506
505
505
507
510
512
513
518
524
538
540
548
541
543
536
539
532
537
531
534
527
530
523
527
519
523
515
519
512
515
509
522
521
527
525
534
529
533
526
527
519
518
508
510
501
494
489
486
483
482
493
491
498
497
502
499
504
498
504
498
503
496
501
494
497
491
495
490
495
489
494
488
495
490
494
490
495
490
496
491
496
491
497
492
498
495
504
504
504
506
509
513
518
522
526
535
530
533
529
535
530
537
532
537
532
538
532
537
530
535
529
532
526
529
522
526
517
521
515
519
513
516
511
523
522
525
521
530
525
530
523
516
509
504
499
496
493
493
497
496
500
496
502
497
502
497
502
496
499
494
498
492
497
491
495
489
495
488
493
488
493
488
496
492
497
493
498
492
497
490
495
489
493
488
483
482
483
485
489
494
502
508
517
530
533
544
543
552
549
556
551
553
545
541
529
530
522
526
520
525
520
525
519
523
516
522
515
521
516
522
517
522
516
521
516
520
513
517
511
513
516
517
516
514
512
511
509
507
514
510
514
508
512
505
507
499
502
494
499
494
498
492
497
491
495
490
497
492
497
492
497
491
497
493
497
491
495
489
494
489
494
489
485
481
481
481
483
487
491
497
502
514
512
527
531
542
542
549
545
551
544
548
541
544
537
541
533
537
530
527
516
517
510
512
505
511
505
510
506
512
507
513
508
513
508
503
501
499
497
497
497
498
499
499
508
506
514
510
515
509
511
505
509
502
505
498
503
496
508
509
517
513
519
512
516
508
511
503
506
498
499
492
496
490
494
487
492
486
482
481
480
481
484
488
494
500
506
517
513
521
518
526
525
532
529
536
532
538
534
541
536
541
535
539
532
535
528
532
525
529
523
530
526
529
523
526
519
523
517
520
512
511
516
519
521
522
521
518
515
512
518
512
516
509
509
503
505
498
501
494
498
491
496
491
496
491
496
491
497
492
498
492
498
493
497
490
497
491
496
491
496
491
498
493
498
493
496
490
486
483
482
482
482
493
493
504
505
516
517
525
523
532
531
539
535
542
538
544
540
546
540
538
527
527
519
522
517
522
515
520
516
522
517
523
517
522
516
522
515
519
514
512
517
521
523
524
524
522
526
525
529
525
527
520
522
513
515
507
508
499
500
493
496
489
493
488
493
488
493
489
495
488
495
490
497
493
499
494
499
494
499
493
496
491
488
485
483
481
482
483
484
494
495
500
497
504
500
507
504
512
510
518
516
523
521
528
525
533
530
538
535
542
537
542
532
530
520
522
515
520
514
519
514
519
513
518
512
517
512
513
518
521
523
525
525
525
523
522
524
522
529
523
527
519
521
511
512
504
507
499
501
494
497
491
495
489
494
489
495
490
498
494
501
496
501
497
503
497
502
496
491
487
486
486
487
486
487
498
499
505
501
506
500
505
500
506
502
509
506
513
511
519
517
524
521
529
526
533
530
536
532
538
528
527
517
520
513
518
513
525
525
529
526
536
534
530
527
524
521
518
516
514
512
509
517
512
518
512
515
508
511
505
508
502
506
499
501
492
496
491
498
495
502
499
505
501
506
500
504
498
503
498
501
496
500
495
499
493
488
485
484
482
484
486
488
490
493
503
501
510
505
509
505
510
508
515
512
521
511
515
509
516
513
520
518
527
525
532
529
536
531
539
534
540
535
538
531
535
527
531
523
517
513
510
508
507
507
508
509
510
520
517
524
519
525
518
521
515
517
509
513
504
507
501
504
500
513
513
521
517
522
516
515
505
509
502
506
498
502
496
499
493
497
491
496
490
486
483
482
482
483
484
486
487
488
499
498
506
503
507
504
509
505
513
509
516
516
528
527
536
533
540
536
542
537
542
536
539
533
538
531
536
530
535
528
528
517
518
510
504
499
507
514
518
521
522
531
523
524
520
528
524
529
523
525
518
522
514
517
508
511
503
504
497
500
493
497
491
496
490
495
489
494
489
493
489
496
492
497
492
489
487
485
485
486
487
488
489
490
500
498
506
503
508
503
506
500
501
493
499
493
499
496
504
501
510
510
519
518
519
511
523
524
535
527
530
525
529
525
531
527
533
528
523
519
517
521
526
525
529
532
533
542
538
542
535
534
520
524
519
523
515
519
510
514
507
510
504
506
499
504
498
502
496
501
496
500
495
501
494
499
493
499
495
501
496
493
491
489
489
491
492
493
495
496
505
504
510
506
511
505
508
503
507
502
510
506
515
511
520
518
517
510
523
524
534
527
532
526
532
527
532
526
531
526
531
526
530
523
517
519
522
525
523
526
529
531
530
538
534
538
531
533
520
521
515
517
509
511
502
505
498
501
495
498
491
496
489
493
487
493
488
495
489
495
491
497
493
499
494
500
494
489
487
486
486
486
487
487
488
490
500
498
505
501
505
501
505
500
507
504
511
509
518
517
525
523
530
526
528
517
519
511
523
523
527
521
536
537
546
537
536
526
527
519
519
520
520
519
519
517
516
515
514
522
519
524
518
522
515
516
510
513
505
508
500
505
499
503
496
500
495
500
494
500
496
501
497
502
496
500
494
499
493
498
493
497
491
487
483
482
482
482
483
484
486
487
498
497
506
502
508
506
509
506
514
512
520
518
527
524
531
521
523
515
520
515
521
517
524
521
527
523
528
523
527
522
526
520
524
518
512
509
506
505
504
504
504
504
505
515
514
521
518
522
519
522
515
517
510
513
506
509
500
504
497
510
510
514
510
519
516
522
516
519
511
514
506
508
499
501
493
496
489
484
479
477
478
479
482
486
490
494
508
509
522
520
524
521
527
524
530
527
534
530
536
532
537
532
537
532
536
529
534
528
531
524
528
520
523
517
521
515
520
514
518
512
512
515
518
519
519
518
516
515
512
519
514
519
514
516
510
513
505
509
502
505
497
502
496
498
493
498
492
498
492
497
492
496
490
495
489
494
489
496
492
497
493
498
493
490
489
490
492
496
500
505
511
512
520
516
524
523
528
525
531
527
535
532
538
535
542
536
539
532
535
528
532
524
527
519
523
514
519
511
518
515
528
527
534
529
534
526
518
510
504
500
496
494
492
491
490
500
497
505
502
506
502
506
500
504
498
501
495
499
492
494
488
492
486
491
486
492
487
492
487
492
487
493
490
499
498
509
509
516
517
530
530
540
537
535
533
532
531
531
531
531
541
541
545
541
545
537
540
532
534
526
527
518
520
512
516
509
513
505
513
509
515
511
514
508
512
505
509
503
506
499
504
496
491
486
493
490
487
486
486
486
487
487
489
500
500
506
503
508
503
508
502
505
500
504
498
502
498
505
502
511
509
518
516
525
524
528
528
539
538
546
543
549
544
549
543
547
539
542
534
527
521
516
513
510
508
507
516
515
520
517
523
518
523
517
518
506
514
511
515
509
513
506
510
502
505
498
502
495
498
493
497
490
495
490
496
491
496
491
495
490
495
490
486
483
482
482
482
483
485
498
499
506
504
509
503
508
501
504
497
502
497
503
500
509
507
517
516
525
524
534
532
540
537
544
541
546
542
548
542
547
541
538
524
523
514
511
513
515
517
519
519
522
529
528
527
526
532
528
531
523
525
517
516
508
509
500
503
495
499
492
496
490
496
489
495
490
496
491
496
492
498
492
498
492
497
491
496
490
495
490
486
483
481
481
481
483
483
484
485
496
494
502
499
505
500
504
499
502
496
499
492
493
486
489
483
487
483
489
488
496
495
506
505
513
512
524
524
534
532
540
537
544
540
537
535
532
524
519
516
515
514
514
523
520
527
522
527
524
528
523
526
520
524
517
521
514
517
510
513
506
510
504
507
501
506
500
505
498
510
512
521
517
518
513
518
512
506
500
495
491
489
487
486
486
486
495
493
501
497
504
501
504
498
501
495
500
495
499
492
497
491
494
488
494
487
491
486
491
487
494
489
495
490
497
494
502
500
509
508
508
508
510
514
517
520
523
525
527
538
536
544
540
545
540
543
536
538
531
534
526
529
521
524
515
510
504
511
507
513
508
514
509
513
508
512
506
511
504
508
502
506
500
505
499
494
491
490
490
490
490
491
492
493
503
501
508
506
510
504
509
503
507
500
503
496
500
493
496
489
493
488
493
488
493
489
495
489
495
491
497
493
500
497
504
504
513
511
514
509
511
513
517
519
522
525
527
533
528
533
530
534
529
532
526
529
522
525
519
521
513
525
525
529
524
535
532
538
533
536
526
527
517
518
508
509
501
503
496
500
493
498
492
489
487
487
487
488
489
491
502
501
508
506
510
505
509
502
505
499
504
498
501
496
500
493
497
491
496
490
495
490
495
488
494
490
495
491
496
492
499
496
505
503
510
509
520
519
519
520
521
521
517
523
523
528
526
532
529
536
531
537
531
535
529
532
525
528
521
524
517
522
516
522
517
521
513
518
512
517
512
516
508
513
507
519
519
523
521
521
519
518
515
513
511
507
514
510
512
506
507
500
503
496
499
493
498
493
497
492
497
491
497
491
497
493
498
494
499
493
499
493
498
494
498
494
499
493
498
492
498
493
491
490
492
494
498
502
507
521
526
535
535
543
541
548
543
549
543
547
540
543
536
539
531
535
527
530
516
513
508
516
514
521
518
524
520
524
519
525
519
523
515
518
512
515
508
501
496
494
492
492
493
495
496
499
509
508
516
512
517
511
515
508
510
503
506
499
502
496
501
495
500
495
500
494
499
495
499
494
499
495
500
495
499
494
500
497
506
505
505
507
510
513
512
519
525
530
535
548
546
556
552
558
547
544
535
536
528
532
525
529
523
529
525
531
527
532
526
531
525
529
523
528
521
524
518
520
