Serial Number - 25
Age - 26
Medical Condition - Post Lunch (Just drank Cold Coffee)
Time of Day - 4:19PM
BP - 93/38


0
517
481
456
438
0
541
505
482
465
457
452
453
453
461
465
473
478
486
490
496
498
503
503
505
504
502
500
497
495
492
491
490
488
486
489
488
490
488
488
486
487
483
485
483
485
482
482
479
480
477
479
477
478
476
478
476
477
475
478
475
477
475
477
474
476
473
475
473
472
471
472
474
478
484
490
498
509
519
524
535
542
549
551
557
558
563
562
564
563
565
562
561
558
559
556
555
551
551
547
545
539
535
530
530
524
524
520
521
518
521
518
516
513
511
514
516
516
516
516
514
516
514
513
510
508
503
502
498
497
493
493
489
489
485
486
482
485
482
485
482
485
484
487
484
485
483
485
483
485
481
483
481
482
480
483
481
483
482
481
483
488
493
500
508
517
527
533
542
547
555
558
564
564
569
568
571
569
571
568
569
566
565
561
560
555
554
547
545
539
537
531
531
525
525
521
522
519
519
515
516
514
511
512
512
512
510
509
506
508
506
506
502
502
498
498
494
493
489
488
486
487
484
487
486
488
485
486
483
484
481
481
479
482
480
482
478
481
480
482
479
481
479
480
478
480
476
475
475
475
477
482
488
496
507
514
523
529
538
543
552
558
566
570
574
574
579
577
578
576
578
574
573
567
567
562
561
555
553
546
543
536
532
524
524
519
520
516
519
516
515
514
513
512
512
513
516
517
517
519
516
517
513
512
508
507
502
501
497
497
493
493
490
492
488
489
486
487
484
487
484
485
482
484
481
483
480
482
480
483
481
483
482
480
479
477
476
476
476
476
478
483
492
498
510
515
525
534
542
548
556
560
566
568
571
571
574
571
572
570
571
567
565
559
558
553
552
545
542
536
534
529
527
524
525
521
517
516
515
513
512
512
513
514
514
512
512
514
511
511
506
504
501
500
494
494
491
491
488
488
483
484
481
482
479
481
480
482
479
480
478
480
478
480
478
481
479
481
480
484
485
490
497
505
514
522
530
539
548
556
567
573
582
583
587
586
588
585
586
584
585
581
581
576
574
568
566
559
556
548
545
537
535
530
528
523
524
521
522
518
519
515
516
513
511
512
510
508
506
504
502
500
497
499
494
494
491
490
486
487
485
486
483
483
481
483
479
480
478
480
477
478
476
478
476
479
477
479
477
478
475
477
474
476
473
474
471
471
470
474
472
472
472
474
477
482
487
498
510
518
528
535
546
551
561
562
568
569
572
571
574
572
574
571
572
569
570
565
565
559
557
551
548
541
539
533
530
524
524
518
518
513
514
511
512
513
512
511
510
509
507
505
504
504
501
502
497
498
494
493
489
489
485
485
482
484
481
482
479
480
477
479
476
478
475
477
475
476
474
476
475
477
475
477
475
477
475
477
475
473
471
470
470
469
470
471
473
476
485
489
498
505
514
519
526
530
537
539
544
545
550
549
552
550
553
551
554
550
551
547
547
543
542
534
530
525
522
516
516
511
512
511
510
510
509
507
506
505
504
504
502
504
500
501
498
498
493
494
490
491
486
487
485
486
482
483
480
481
479
480
477
479
477
479
477
480
477
479
477
477
475
477
474
476
474
473
472
471
470
471
471
472
474
475
480
483
487
489
497
501
509
514
524
528
537
538
543
541
544
542
545
544
547
545
547
544
546
544
546
544
545
541
540
535
533
527
527
521
517
513
512
512
512
512
511
510
509
506
504
507
504
505
502
502
498
498
494
493
489
490
487
488
484
484
482
484
482
484
483
485
483
485
481
483
481
482
480
481
479
481
478
481
479
480
477
476
476
475
475
475
476
475
479
480
483
485
490
492
499
502
510
513
518
520
526
528
533
534
538
537
540
538
541
539
541
538
539
536
539
534
535
531
531
526
526
518
518
515
510
508
508
508
508
512
513
518
518
518
516
517
514
514
510
510
506
506
501
501
496
495
490
490
488
489
486
488
486
488
485
487
485
487
485
488
486
489
487
490
487
490
489
489
491
495
499
504
510
513
522
528
534
536
541
542
547
546
549
546
549
547
549
546
548
545
546
542
540
536
535
529
527
522
521
517
517
513
514
511
513
510
512
509
511
508
509
509
509
509
507
505
504
506
504
504
500
500
496
496
493
495
492
493
491
491
488
489
486
487
484
486
484
486
484
485
483
486
484
486
482
485
485
488
489
495
498
506
511
518
521
525
531
536
541
545
550
554
557
560
565
566
569
568
571
568
569
564
563
557
555
549
546
540
538
532
531
528
527
523
524
520
522
518
519
515
517
514
514
511
516
515
517
513
511
507
504
501
499
497
495
494
493
495
492
495
491
492
489
490
487
489
485
488
486
488
485
487
485
487
484
486
483
485
483
486
483
485
482
483
481
483
481
483
482
486
487
489
495
502
509
515
521
527
533
539
547
550
558
559
563
563
566
566
568
564
565
561
562
558
557
551
550
543
541
536
536
532
532
528
528
526
528
524
525
522
523
519
519
515
512
512
512
513
512
511
509
508
506
504
502
505
502
503
498
498
495
495
491
492
488
489
486
488
485
485
481
483
481
482
480
482
480
483
484
491
495
505
511
521
525
535
541
551
555
560
564
567
571
573
575
577
578
578
583
582
583
579
577
571
569
562
559
552
549
542
539
533
532
526
526
523
524
521
520
516
518
514
514
511
516
514
514
511
511
506
506
503
498
495
491
488
487
486
484
482
481
485
483
487
485
486
483
484
481
483
481
482
480
480
477
479
476
478
476
479
477
478
476
480
481
487
492
503
511
521
527
537
543
555
560
570
575
583
585
585
587
589
589
588
592
590
590
585
583
578
575
567
564
555
551
543
540
532
530
524
524
520
521
518
519
516
517
514
513
511
514
511
512
508
508
502
502
497
496
490
489
485
481
478
476
475
474
473
473
478
478
480
478
480
478
480
477
479
477
478
475
476
473
474
471
473
470
472
471
473
473
478
480
489
496
508
516
526
533
545
552
563
568
576
577
582
582
581
580
578
578
576
578
576
576
572
570
563
559
552
548
541
538
532
530
525
525
520
521
518
519
516
517
512
511
511
513
511
512
507
507
503
501
496
495
490
489
484
484
481
478
474
473
472
472
471
470
470
471
475
473
476
474
477
474
476
475
478
479
487
492
502
511
523
530
541
551
561
567
576
580
587
589
593
592
595
592
593
589
587
581
579
573
566
560
554
548
541
535
530
526
522
522
519
520
517
518
514
514
511
514
511
512
507
506
501
500
494
492
487
486
481
481
477
477
473
473
470
472
468
470
468
470
467
469
467
465
462
462
462
462
463
464
464
465
469
469
470
469
472
471
472
469
470
469
473
473
481
487
499
508
523
529
542
549
560
566
575
578
584
584
588
587
588
586
588
585
585
579
579
574
567
560
553
547
540
534
528
524
520
520
517
517
515
515
512
513
510
514
512
512
507
507
501
500
495
494
489
488
483
482
478
479
475
475
471
473
470
472
470
472
470
472
470
471
469
471
469
467
466
466
466
466
467
467
471
471
473
472
473
470
472
470
475
477
485
493
505
513
523
529
540
546
555
558
564
565
569
568
571
568
569
565
565
561
560
555
551
545
542
534
527
522
518
514
512
512
514
515
515
518
516
517
514
514
510
509
503
503
498
496
491
491
486
486
482
482
479
479
475
476
473
475
471
473
470
472
470
473
470
472
469
471
468
470
469
469
471
475
481
492
502
512
521
528
540
547
556
560
567
568
572
571
574
573
576
573
573
569
569
563
560
553
550
543
539
532
528
521
520
514
513
511
514
513
514
511
511
508
505
502
499
496
493
490
488
486
485
486
484
485
482
483
480
480
477
478
474
476
472
474
471
472
469
471
470
472
470
472
471
474
472
474
471
472
469
470
469
472
475
483
490
501
510
518
525
533
540
547
553
560
564
569
575
576
580
579
577
574
574
568
567
561
559
551
547
540
535
527
524
519
518
514
513
511
516
514
515
513
514
510
510
503
503
499
499
494
489
485
483
480
477
476
475
474
473
477
475
478
477
478
476
477
474
476
473
474
472
474
472
473
471
473
471
473
471
473
471
472
469
470
468
471
471
477
479
489
495
507
515
525
529
538
542
546
549
551
553
555
556
558
561
561
559
559
561
557
557
552
549
543
539
533
531
525
525
520
519
515
515
511
515
515
518
516
517
513
511
506
505
500
499
495
493
489
489
485
481
479
477
477
476
476
478
481
480
480
479
482
480
482
481
485
487
494
500
510
517
527
533
543
548
557
559
565
565
569
568
571
569
570
567
568
563
563
557
556
550
547
540
537
529
522
516
513
513
512
511
511
510
510
512
510
511
507
506
501
499
496
495
490
490
485
485
481
481
478
478
475
477
474
476
473
474
472
474
472
474
471
473
471
473
471
473
471
470
470
469
468
468
468
470
473
478
488
495
508
515
526
534
544
551
560
564
572
574
578
578
581
579
580
577
578
574
573
569
568
562
559
552
548
540
537
530
529
524
523
518
517
514
511
512
513
512
512
510
509
506
504
505
501
501
496
494
490
489
484
484
480
480
478
478
475
477
474
476
473
474
472
474
472
475
472
474
472
474
472
474
472
473
471
473
471
470
469
467
466
466
466
466
467
468
472
471
474
473
475
473
475
474
479
482
492
499
511
520
531
537
548
553
562
565
571
572
575
574
576
574
576
573
573
569
569
565
564
558
554
547
545
538
533
529
526
523
521
520
519
522
520
521
518
519
516
517
513
513
510
512
508
508
503
504
498
498
493
493
489
488
484
484
481
483
480
482
479
479
477
478
475
477
474
476
474
476
473
472
472
474
479
488
497
508
523
533
544
551
561
565
572
575
580
580
584
582
584
581
582
578
578
573
571
565
562
555
552
543
541
534
531
524
523
518
518
514
514
511
515
513
512
510
507
504
501
498
495
493
491
493
489
490
486
487
483
483
480
480
476
477
474
475
472
473
472
473
470
471
470
471
469
471
468
471
469
471
469
470
469
471
468
470
467
466
464
463
462
462
463
464
465
466
467
468
474
474
482
486
495
502
514
520
530
537
548
554
563
567
574
575
579
578
581
579
581
578
579
576
575
571
570
564
562
554
551
543
540
534
527
523
520
518
516
516
515
513
512
514
511
516
515
517
513
514
509
509
504
503
497
496
490
489
484
484
480
480
476
477
474
476
473
474
472
475
474
476
474
476
474
476
474
476
474
476
473
471
469
468
468
468
468
468
472
472
475
474
477
475
479
479
485
488
498
506
516
521
531
537
546
550
557
559
564
563
566
564
567
564
566
563
563
559
558
551
550
543
541
535
529
524
520
518
515
513
511
513
516
517
517
520
519
519
515
514
508
505
499
498
493
492
487
487
483
483
479
480
476
479
477
479
476
478
476
478
476
478
475
478
476
478
476
474
473
472
472
473
473
474
477
481
490
497
508
516
527
533
543
548
557
560
566
567
572
571
574
572
573
571
572
567
567
563
562
557
556
550
547
540
538
530
528
523
522
517
514
514
515
515
514
513
510
508
507
507
503
503
499
498
494
494
490
489
486
486
482
483
479
480
477
478
475
476
473
475
473
475
473
475
473
476
474
476
474
477
474
476
473
474
472
470
468
467
466
466
466
466
467
468
472
471
474
472
474
473
474
473
476
476
482
485
494
500
511
520
532
539
550
554
561
562
566
565
567
565
566
563
563
561
561
558
558
554
550
545
542
537
533
530
526
524
521
519
514
514
511
516
516
518
515
517
513
514
510
510
505
504
499
499
496
496
491
491
488
488
485
486
483
484
481
484
481
483
480
481
478
480
477
478
477
476
475
474
474
473
473
473
477
477
479
478
479
478
480
478
480
479
482
483
492
495
504
509
519
525
534
539
546
544
547
544
547
544
547
545
547
544
546
543
544
540
539
535
534
528
524
520
516
513
511
517
518
520
519
520
518
519
516
515
511
510
505
503
498
498
494
494
490
491
488
489
486
487
484
485
482
484
481
484
482
484
482
484
481
483
481
483
480
478
477
477
477
477
477
477
477
478
482
482
487
488
494
497
505
512
518
520
527
530
537
539
545
546
552
552
556
555
558
556
558
555
556
553
553
549
548
541
539
533
532
526
522
518
515
513
512
513
516
516
517
517
516
519
517
518
513
512
507
505
500
499
494
493
489
490
486
488
485
485
483
485
483
485
484
486
484
486
485
486
484
485
483
484
481
479
478
477
476
477
476
476
476
476
479
478
481
479
483
482
486
488
494
498
507
512
521
526
534
537
544
546
551
551
554
553
555
552
554
552
553
548
545
540
539
533
533
528
528
524
520
517
515
514
513
512
512
512
514
520
520
523
520
521
518
517
512
512
507
506
501
501
497
496
492
493
490
491
488
490
487
489
486
488
485
486
484
486
482
484
482
484
482
480
480
480
481
482
484
489
494
500
511
516
523
526
534
537
542
542
546
545
548
546
549
547
547
545
546
542
542
539
537
532
531
525
524
518
518
514
514
511
516
515
518
515
517
514
514
510
507
503
500
497
495
493
491
493
493
493
490
491
489
492
489
491
489
490
487
488
485
486
484
485
481
483
481
484
483
487
489
496
500
509
513
520
522
530
533
540
542
548
548
550
550
551
551
551
552
551
554
552
552
549
547
541
540
534
532
526
524
519
518
514
514
511
514
513
516
513
515
511
511
507
508
504
505
500
500
496
497
494
495
490
491
488
489
486
484
482
482
481
480
480
481
481
482
485
484
487
485
487
484
486
483
484
482
483
481
483
480
482
479
481
479
480
478
481
480
486
489
498
503
512
515
523
526
533
536
542
544
546
548
549
550
551
552
553
553
552
555
554
556
552
552
546
543
537
535
528
527
522
521
516
516
512
512
511
515
513
515
513
513
509
509
506
506
503
503
498
498
495
495
492
494
490
488
486
485
484
483
483
483
482
483
486
486
489
487
489
488
489
487
489
486
488
484
486
483
485
483
485
483
487
488
494
497
506
511
518
520
526
528
535
536
542
542
547
546
546
545
544
543
543
542
540
539
537
538
534
533
528
527
523
522
518
519
515
516
513
514
511
514
514
517
515
516
512
512
507
506
500
499
493
494
489
489
485
486
483
484
482
480
480
484
482
482
481
481
482
482
485
484
487
486
487
485
487
485
486
484
485
483
485
483
487
489
497
501
510
514
521
524
531
533
540
541
546
546
550
549
552
550
553
550
548
547
544
542
540
538
536
533
529
530
526
526
522
520
516
517
513
515
515
518
515
516
513
511
507
506
502
501
496
496
491
491
486
487
483
484
482
484
482
485
483
485
483
480
479
482
481
480
479
479
478
478
482
480
484
482
484
481
483
480
483
481
482
480
482
480
480
477
479
477
478
475
478
475
478
476
479
479
484
485
493
497
506
511
521
523
528
529
534
534
535
536
538
539
541
542
544
548
548
550
548
549
544
544
538
537
532
530
525
523
518
518
514
515
511
516
515
519
516
517
514
514
511
511
507
507
504
504
501
500
497
499
496
497
493
490
488
487
486
485
484
485
485
485
489
488
492
490
493
490
491
489
491
489
492
491
496
500
508
512
519
522
529
532
539
542
548
549
553
553
557
556
558
556
558
555
556
552
548
544
540
536
533
529
527
525
523
525
522
523
520
522
518
518
515
515
511
515
514
516
513
514
509
508
502
502
498
499
495
497
494
494
490
491
488
489
486
487
484
486
484
482
481
482
482
482
483
483
483
483
487
486
491
491
497
499
507
512
519
522
530
534
543
546
553
555
560
560
564
564
566
565
567
565
566
563
564
559
559
552
551
545
543
538
533
529
526
523
521
520
519
518
517
520
518
520
517
517
513
512
511
513
510
511
507
507
503
503
498
497
493
493
490
491
487
489
485
487
485
487
484
486
483
485
483
485
482
483
481
478
477
476
476
477
477
477
477
477
481
481
485
487
493
497
506
511
519
523
531
535
544
548
555
557
561
560
563
562
564
561
563
560
560
557

