Serial Number - 27
Age - 21
Medical Condition - Post Lunch
Time of Day - 4:28PM
BP - 123/73


0
1
480
479
479
479
478
478
478
476
476
477
478
478
480
483
488
495
502
511
518
525
531
537
543
0
503
470
443
431
419
417
416
421
425
432
438
448
452
462
467
474
477
483
484
485
485
484
485
485
485
488
492
499
510
516
526
527
534
536
541
541
546
546
549
546
549
547
550
546
547
545
546
543
543
538
537
533
532
527
527
523
525
521
523
519
520
517
513
510
507
506
504
503
502
502
499
501
496
496
493
493
491
493
491
492
490
490
487
490
487
489
486
488
485
488
485
487
485
486
483
489
490
495
494
496
492
493
489
491
487
484
483
481
480
478
478
478
478
477
481
481
484
482
484
482
484
483
484
481
484
482
484
482
485
488
496
502
512
515
522
524
531
533
538
539
543
542
544
542
543
540
540
538
536
535
533
531
530
529
528
527
524
527
526
528
524
524
522
523
519
520
516
516
513
512
511
512
512
515
513
513
507
507
503
502
497
497
493
494
490
490
488
489
486
488
485
484
484
484
484
483
483
484
485
485
490
489
491
490
492
489
491
489
491
488
489
486
488
484
486
482
484
481
483
482
487
489
497
501
511
516
526
530
537
538
544
545
548
547
549
544
545
543
543
539
536
534
531
529
522
515
511
512
514
518
517
521
520
522
518
519
516
516
512
512
509
510
505
506
501
501
497
496
493
495
492
493
490
493
490
492
490
492
490
492
489
491
489
487
485
485
484
484
484
484
483
483
486
485
488
487
490
488
490
487
488
486
486
484
485
482
484
481
483
480
483
481
483
482
486
487
494
497
507
513
520
521
527
528
533
533
538
536
536
536
536
535
535
535
535
535
536
538
536
537
532
531
527
527
523
523
518
519
516
516
513
514
511
513
512
514
512
514
510
511
508
511
510
511
508
509
505
506
502
498
495
492
490
488
487
488
488
489
489
490
493
492
495
493
495
494
496
493
495
492
494
489
490
486
487
484
486
483
484
483
486
484
487
485
486
485
487
485
488
486
488
487
490
491
495
500
507
514
522
529
535
538
541
544
543
544
542
544
543
545
542
544
541
543
539
539
537
537
533
534
529
529
526
527
523
524
521
523
519
520
516
518
517
520
516
517
513
512
514
517
516
515
515
513
511
509
512
508
509
506
507
506
507
504
507
504
505
501
503
498
499
496
496
493
494
491
493
491
492
489
492
490
491
489
492
490
492
488
490
489
492
491
496
499
503
508
513
514
522
530
535
542
545
547
547
549
546
546
543
543
537
537
532
530
526
525
520
520
510
506
501
503
502
506
505
510
510
514
511
514
512
514
510
509
505
506
502
499
502
505
507
508
509
507
510
508
508
505
506
502
503
499
499
496
499
495
497
495
497
495
496
493
495
493
495
491
494
492
494
491
492
490
493
491
496
499
508
513
522
526
530
530
532
534
537
541
543
547
549
552
553
559
557
561
560
562
559
557
553
552
547
546
542
542
537
538
535
537
534
536
533
535
533
534
532
533
530
531
528
528
524
522
519
520
516
512
513
516
518
520
518
517
517
516
516
513
514
508
508
504
502
499
500
495
496
493
495
493
495
492
494
492
494
493
496
495
497
495
495
493
496
492
494
492
494
492
494
491
496
498
502
507
517
519
523
529
533
539
545
553
556
562
564
569
568
571
569
572
570
571
567
568
563
561
556
554
548
547
542
542
537
538
533
534
530
531
526
526
523
524
521
523
519
516
517
519
520
521
521
520
518
516
517
513
514
510
509
506
506
502
503
498
499
495
496
493
494
492
493
491
492
490
491
489
492
489
492
489
491
488
491
489
492
492
497
499
508
514
521
525
530
536
542
547
553
557
560
566
566
569
569
572
569
571
569
570
564
564
555
553
547
546
541
539
535
535
530
531
526
525
522
522
518
519
516
516
513
512
511
516
514
516
513
510
508
506
504
502
501
499
502
501
501
499
501
498
500
497
498
494
495
492
493
490
492
489
491
488
489
484
486
482
483
481
483
481
482
480
483
481
484
483
486
486
492
495
499
506
515
519
526
533
541
552
557
561
563
569
568
571
569
570
566
567
563
565
562
562
557
555
549
548
542
539
534
533
528
526
522
523
519
520
517
517
513
513
510
515
515
516
512
508
505
502
499
496
493
492
492
491
494
492
495
493
496
493
495
494
494
491
493
489
489
485
485
482
483
479
479
477
480
478
480
478
480
478
481
479
481
479
482
478
481
479
477
477
478
478
478
478
479
482
484
490
491
494
493
497
495
500
502
509
514
525
531
541
546
554
555
559
559
561
558
560
556
557
554
555
552
553
549
548
540
533
522
519
512
515
516
518
519
518
519
518
518
517
515
514
516
513
514
509
509
505
505
499
499
495
496
492
493
488
488
486
488
485
487
485
487
483
485
483
486
484
487
486
488
486
487
483
485
483
485
481
483
480
478
476
475
473
472
473
474
478
478
481
479
482
479
482
480
481
478
480
478
480
479
482
484
491
496
506
511
519
521
527
528
533
533
536
536
538
537
539
538
540
537
537
534
529
525
522
519
515
514
512
514
513
515
513
515
512
514
512
513
510
510
508
510
508
509
505
505
501
501
495
495
491
489
486
487
484
483
480
482
479
481
480
482
480
483
480
479
479
479
479
480
481
481
485
486
487
485
487
484
485
482
482
479
480
478
479
477
479
477
479
475
478
477
480
482
490
494
501
506
515
518
524
525
530
531
533
528
527
524
524
520
517
515
513
512
513
513
516
519
519
522
520
522
520
521
516
515
512
512
507
505
501
502
498
498
494
495
492
493
490
492
490
491
488
489
487
488
486
487
485
487
485
487
485
481
480
480
480
480
481
481
482
482
487
488
491
490
492
490
491
489
490
486
487
484
485
482
483
480
482
480
482
479
481
477
479
477
480
479
485
487
495
499
507
509
514
513
513
513
512
513
513
514
514
515
516
519
518
521
519
521
518
518
515
515
511
511
508
510
507
507
504
505
502
503
498
503
503
505
503
505
502
503
500
500
497
499
494
496
493
491
489
487
486
486
486
487
488
489
493
492
494
492
495
493
494
493
494
492
493
490
491
489
490
487
488
486
487
484
487
485
487
485
488
486
489
485
487
485
488
485
488
489
494
496
499
504
509
513
513
513
514
514
515
519
518
520
519
519
518
519
516
518
515
516
513
514
512
514
511
513
510
511
508
510
506
507
504
505
502
507
507
507
507
511
509
511
507
505
502
500
498
495
494
494
493
493
497
495
498
495
498
496
496
494
497
495
496
491
493
491
492
490
493
492
494
493
494
492
494
491
493
491
494
492
494
491
494
492
494
491
490
490
491
494
497
502
508
513
517
522
520
523
520
521
520
522
519
521
519
522
520
522
521
524
521
522
520
522
519
520
517
519
516
517
514
516
514
516
512
514
513
515
512
516
517
517
516
514
513
513
511
509
509
507
509
507
509
506
507
504
507
504
506
503
504
502
503
501
503
501
504
501
504
501
503
499
501
498
499
497
499
497
499
496
498
496
501
503
511
515
518
520
523
526
530
536
537
542
542
544
542
545
543
544
543
545
543
544
540
539
535
537
532
534
531
533
530
531
529
531
528
529
526
528
524
525
522
524
521
521
519
516
516
518
518
518
519
518
521
519
520
518
518
514
515
511
512
507
507
504
505
503
504
499
501
498
500
497
499
497
499
496
499
498
500
498
500
498
501
499
501
499
501
498
500
498
499
500
504
509
515
520
527
533
538
547
551
556
557
562
562
564
563
563
562
565
563
565
564
565
562
562
558
556
551
551
547
547
544
544
540
541
537
538
533
533
529
531
527
524
523
521
520
519
519
517
516
516
519
517
519
517
520
517
519
515
516
513
513
511
515
514
516
513
515
511
512
508
510
506
507
504
505
502
503
500
501
497
498
495
496
493
495
493
491
490
490
490
490
491
492
493
494
498
498
501
500
503
505
511
514
524
531
542
548
558
562
570
572
576
575
578
575
574
571
572
569
571
568
568
565
566
561
559
552
550
544
543
539
536
534
534
533
533
533
532
532
531
535
532
534
531
531
527
527
522
522
518
518
513
514
512
515
514
518
515
517
515
516
512
512
508
507
503
503
499
499
495
496
493
495
493
491
488
488
488
488
488
488
489
489
495
494
498
496
497
494
496
493
496
495
502
505
514
517
526
532
542
546
554
556
562
561
564
562
564
562
564
560
560
557
558
554
554
548
546
541
537
532
529
528
527
526
525
527
524
526
524
523
520
520
516
516
513
513
511
513
511
512
508
508
504
504
500
500
497
498
494
495
493
493
490
491
488
490
488
490
485
487
485
487
484
482
481
480
480
480
479
480
481
482
486
486
490
488
490
487
488
485
486
483
485
482
484
483
488
491
499
506
516
521
531
536
544
547
553
553
557
556
559
556
558
555
555
550
548
546
545
542
539
536
533
530
528
529
527
527
524
525
520
521
517
517
513
513
512
515
513
515
512
511
506
505
500
499
496
497
493
494
491
492
489
491
487
489
487
489
487
485
484
482
481
482
482
482
482
483
486
485
488
485
487
485
487
484
485
483
484
482
482
478
480
477
479
476
479
477
480
479
480
479
480
478
480
478
479
477
480
479
484
486
492
498
504
512
519
527
534
539
542
544
544
549
547
549
545
545
541
541
537
537
532
531
527
528
522
519
511
512
510
513
510
512
510
511
508
510
506
507
504
505
501
503
499
499
495
492
489
485
484
483
482
483
483
484
483
484
489
489
492
491
492
491
492
490
491
487
488
485
485
483
484
481
482
479
480
477
479
477
479
476
479
477
479
477
479
477
481
480
482
480
483
482
481
481
480
481
483
486
490
498
503
510
514
517
516
518
517
520
518
520
516
517
516
518
516
517
515
517
515
517
514
514
511
512
509
511
508
509
506
507
503
504
500
501
499
504
503
500
498
497
495
495
494
493
491
490
493
492
493
490
493
491
492
490
489
487
488
485
486
484
487
485
487
485
488
486
488
486
488
485
486
484
486
483
485
482
485
483
485
481
480
480
480
481
481
482
483
483
485
488
488
492
492
497
497
503
507
512
511
516
516
519
517
520
516
517
515
515
512
514
511
513
510
511
506
506
502
502
499
500
498
500
497
498
501
503
504
504
504
504
504
504
505
503
505
503
504
501
502
498
498
495
496
493
495
492
494
491
493
491
493
490
492
489
491
489
491
490
492
490
491
489
492
489
491
489
491
489
487
486
486
487
486
486
488
489
489
493
491
493
491
492
490
492
490
492
490
490
488
491
489
491
489
492
491
495
495
499
500
505
506
512
512
513
511
516
515
518
516
518
515
513
511
507
506
506
506
505
506
506
509
508
511
508
510
509
509
505
503
500
505
504
508
507
508
505
507
504
506
503
504
500
501
497
498
495
497
496
498
496
498
495
497
495
493
493
493
493
493
494
494
494
494
499
498
501
500
501
500
502
499
501
499
501
497
499
495
496
494
496
493
495
494
496
494
495
492
495
491
493
492
496
497
503
505
510
512
516
514
517
516
515
515
514
513
513
514
514
518
519
522
521
522
521
523
522
523
520
522
519
520
517
517
514
516
514
516
514
517
515
517
514
516
514
516
513
514
511
512
510
511
508
512
513
512
512
511
511
511
510
509
512
511
511
509
510
508
510
507
508
505
507
504
506
501
502
500
501
499
502
501
502
501
505
502
505
503
506
504
505
503
504
502
507
508
513
513
521
523
526
529
532
536
538
540
544
548
549
552
551
553
552
554
552
554
550
551
547
547
543
542
538
539
535
537
535
536
534
537
535
537
533
534
531
533
529
530
527
528
525
527
522
520
519
518
517
516
520
518
518
516
519
517
521
518
519
517
519
516
517
514
515
513
513
511
516
516
519
517
516
513
514
511
512
510
512
509
510
507
510
507
510
507
512
514
517
520
525
530
538
546
554
560
563
572
574
579
581
585
585
587
586
587
585
587
584
585
581
581
576
573
568
567
562
562
558
559
556
556
552
554
551
550
546
548
544
544
539
539
535
532
528
525
524
523
522
523
522
521
525
524
526
523
525
523
523
520
519
515
517
514
514
511
516
515
517
515
516
513
514
511
511
507
509
505
506
503
504
501
503
499
500
498
497
495
493
493
493
493
492
492
493
497
496
499
496
498
497
498
496
499
498
504
507
516
522
536
544
555
560
570
572
578
578
581
580
582
579
580
572
571
567
568
565
566
562
562
557
558
554
550
546
543
541
539
538
537
540
536
537
535
535
531
532
527
527
523
523
518
517
513
513
511
515
514
517
514
517
513
513
509
508
504
504
501
501
499
500
497
499
496
498
495
493
492
491
490
490
490
491
494
494
496
494
495
493
494
490
491
487
489
487
489
485
487
485
486
484
488
487
491
494
501
507
516
519
526
530
538
541
547
548
552
551
553
551
553
551
549
547
545
543
541
538
536
534
532
533
530
531
527
528
524
524
519
517
513
513
510
514
513
515
512
513
509
509
505
505
500
500
495
495
492
493
490
492
489
491
488
490
488
486
485
484
483
483
482
482
481
480
484
482
485
483
486
482
484
482
484
480
483
481
483
481
483
479
482
480
481
480
482
481
483
480
481
480
483
482
487
489
497
500
509
511
519
523
526
528
529
531
532
532
532
531
530
534
533
534
532
533
530
530
525
524
518
514
508
510
507
507
504
505
503
504
501
503
500
501
498
498
494
496
492
493
489
490
487
488
484
483
481
485
484
483
483
483
483
482
486
486
491
490
492
491
494
492
494
491
492
489
490
486
486
483
483
481
482
479
481
479
480
478
480
479
481
479
481
480
482
480
483
481
483
480
482
479
477
476
475
474
477
480
483
493
499
506
510
514
511
517
517
520
517
518
516
517
514
516
513
515
512
514
512
512
508
509
506
504
498
498
494
495
493
498
497
500
499
500
497
495
493
492
491
490
489
488
493
491
490
489
493
492
494
492
494
490
491
489
489
487
488
485
487
484
486
483
485
484
486
484
487
485
487
484
485
483
486
484
485
483
486
485
487
485
482
481
480
480
479
478
479
479
480
484
483
486
485
488
487
489
487
489
488
493
492
495
495
501
501
504
503
506
504
506
503
503
500
502
499
500
497
499
497
498
495
496
494
492
491
489
489
489
489
490
491
492
495
494
496
495
498
496
497
494
495
493
494
491
492
489
491
488
490
488
488
486
488
486
489
486
489
488
491
490
492
490
494
492
495
493
496
494
492
491
489
489
490
491
491
492
492
496
494
497
496
498
497
499
496
498
496
497
494
496
493
495
494
499
499
504
505
509
509
512
511
510
509
512
511
513
510
513
510
512
508
510
505
507
504
501
499
498
497
498
498
499
502
503
503
503
507
506
509
508
509
506
506
503
504
502
502
499
500
498
500
497
500
496
499
497
500
499
501
499
502
500
502
500
502
499
501
499
497
495
495
494
494
494
493
497
497
500
499
501
498
500
498
501
499
500
498
500
499
503
502
505
506
511
512
515
515
517
513
513
511
516
515
519
516
519
514
517
516
519
517
516
514
513
512
510
509
507
507
509
511
510
513
512
514
512
513
510
513
510
510
508
511
508
509
508
510
508
510
508
510
507
509
506
508
505
507
505
507
504
505
503
505
503
505
503
501
500
499
499
499
499
499
500
501
504
503
506
504
506
503
506
505
506
503
508
509
512
512
516
517
523
523
528
528
531
530
533
532
533
532
535
534
537
535
538
535
537
535
533
531
529
527
526
525
524
524
525
528
527
530
528
531
529
529
526
527
524
525
522
522
519
519
515
516
511
517
516
519
518
521
518
520
518
520
517
518
511
514
512
513
510
511
508
507
505
504
504
503
503
504
505
504
508
507
510
507
509
507
509
506
508
506
507
505
505
503
505
502
503
501
504
502
504
501
503
501
504
500
502
500
502
500
503
501
507
510
518
524
535
540
546
548
548
549
549
555
554
557
556
557
555
557
554
557
555
556
553
554
551
551
547
548
544
545
543
544
540
541
538
538
536
537
535
537
534
535
531
532
528
529
525
527
523
521
519
517
516
515
515
514
517
515
516
514
516
513
516
512
514
512
514
512
515
513
518
516
519
518
518
514
514
512
511
508
507
504
505
502
503
500
502
500
502
498
500
499
500
503
509
517
523
530
538
552
560
567
570
575
575
578
575
576
572
572
567
565
559
558
553
553
549
547
542
542
539
539
537
537
534
536
533
535
533
534
531
532
528
530
526
522
520
518
516
519
520
520
522
521
521
518
518
513
514
511
512
507
508
504
504
501
502
498
500
498
499
497
499
497
499
496
498
496
499
497
498
496
499
496
497
495
497
495
497
495
493
492
491
490
490
490
491
491
494
501
506
514
517
527
533
545
552
560
563
569
569
572
568
568
564
563
559
559
555
557
553
553
549
548
543
543
537
537
534
534
531
532
529
526
525
523
522
521
520
519
518
516
518
515
516
513
514
511
514
513
515
513
514
511
511
505
505
501
501
498
500
496
498
495
497
495
498
497
500
498
500
497
497
494
495
492
493
490
488
487
485
485
484
486
487
488
488
492
492
494
493
494
492
492
490
492
488
490
488
490
489
494
497
507
512
522
528
537
540
547
549
553
552
555
551
552
549
549
544
544
540
536
532
532
528
524
520
517
511
510
510
511
515
515
518
516
519
518
519
516
516
512
513
508
508
503
504
499
501
496
497
494
495
491
492
490
492
491
493
491
494
493
495
492
494
492
494
490
492
489
488
485
484
483
482
486
486
484
484
488
488
490
489
491
490
490
488
488
485
489
488
493
495
503
506
513
514
522
525
530
529
533
531
533
530
530
524
520
515
514
510
510
508
508
507
508
509
509
508
508
509
510
512
509
511
507
508
504
504
500
500
496
496
493
494
492
494
491
492
489
488
486
487
484
486
485
486
485
487
486
488
487
488
486
488
486
484
483
482
482
482
484
483
483
484
488
487
489
487
489
487
489
487
486
484
485
481
483
481
484
483
487
486
493
496
502
503
509
510
512
511
515
514
516
515
516
514
516
513
514
510
508
507
505
504
504
503
502
502
498
500
497
500
497
499
498
500
497
500
497
503
504
507
505
505
503
505
502
503
499
500
495
496
494
496
492
493
491
494
493
494
491
489
488
487
486
485
486
486
486
487
491
490
493
491
494
490
491
490
493
491
494
492
494
491
493
489
490
489
491
489
492
493
497
498
502
502
507
508
510
509
513
511
511
509
511
508
506
505
504
504
504
503
503
503
503
506
505
507
506
507
504
504
501
503
499
502
499
499
496
498
494
497
496
499
498
500
498
500
498
499
498
500
497
499
495
496
494
496
494
497
494
496
494
492
492
492
492
491
492
491
495
495
497
496
498
496
499
496
498
496
498
495
496
493
496
493
494
492
495
494
496
493
497
497
500
500
504
504
506
506
510
508
510
509
511
509
511
507
505
504
503
502
502
502
502
505
506
509
507
509
507
508
504
505
503
505
501
503
501
503
500
500
500
502
501
504
503
505
503
505
502
503
500
502
500
501
499
501
499
501
500
499
499
499
498
498
498
499
499
499
503
502
505
504
505
504
506
505
507
503
505
502
502
499
501
497
499
496
498
496
498
496
497
497
501
500
503
502
509
511
517
517
521
519
517
517
516
515
514
514
510
507
505
506
504
505
504
507
506
508
507
510
508
509
507
510
507
510
509
512
510
511
508
511
508
509
507
509
507
509
507
510
506
508
506
504
502
503
505
508
510
512
512
510
511
512
516
514
516
513
515
512
512
506
505
502
502
500
503
501
505
503
505
502
505
504
505
504
507
505
507
504
507
505
506
504
507
506
508
505
504
502
501
500
501
502
504
507
509
512
512
516
517
521
521
525
523
525
522
525
523
526
523
526
524
526
525
529
528
530
527
528
524
525
522
524
520
522
519
522
520
521
519
518
517
516
515
516
515
515
516
517
520
518
521
519
519
517
519
516
516
514
516
514
516
514
516
514
515
512
513
511
517
517
521
520
522
519
519
514
514
509
510
504
505
502
500
499
499
499
501
501
503
505
506
511
510
512
511
515
515
515
517
524
526
530
531
536
535
539
539
542
539
542
541
544
542
545
543
545
543
544
540
541
538
538
534
532
527
527
523
521
521
520
521
521
522
522
526
525
528
526
529
526
526
524
524
521
522
518
519
516
515
511
513
510
513
511
514
511
513
510
512
510
515
515
519
518
519
516
517
512
513
509
506
502
500
499
499
499
500
499
500
505
505
507
506
509
508
509
507
511
509
510
507
511
511
514
513
519
522
530
532
540
543
550
550
554
554
558
555
556
553
555
552
552
549
550
546
547
543
540
538
536
534
534
537
536
538
537
538
536
537
535
537
533
534
530
530
526
525
520
522
517
518
514
516
512
513
512
518
517
520
517
519
517
518
515
515
512
513
509
511
508
506
504
504
503
503
506
505
507
505
507
504
506
504
505
502
503
500
499
497
499
500
507
512
520
523
531
535
542
544
551
551
556
555
557
556
556
554
556
553
554
551
552
549
545
541
538
536
534
533
533
532
532
534
531
533
531
531
528
529
525
523
519
520
517
516
513
519
518
521
519
519
516
518
513
513
510
511
506
506
502
504
499
501
499
501
497
497
495
493
492
491
491
492
492
493
491
492
497
496
499
497
500
498
498
496
497
493
494
492
495
492
495
495
501
504
513
513
519
520
527
528
534
536
540
538
540
539
540
538
539
537
536
534
532
530
529
528
527
526
524
527
524
526
523
524
521
521
519
520
516
517
513
513
511
514
512
514
511
511
508
509
506
506
502
503
500
500
497
498
495
497
494
496
494
492
490
488
488
488
489
489
489
490
494
494
496
493
496
495
496
494
496
494
495
492
492
489
491
488
489
486
489
486
488
485
486
483
486
485
487
486
492
494
501
503
509
512
518
520
520
521
