Serial Number - 3
Age - 32
Medical Condition - Post Lunch
Time of Day - 1 : 57 PM
BP - 128/85


0
99
500
498
496
497
497
496
498
496
497
497
499
505
510
516
0
539
501
469
448
432
432
430
436
439
449
454
464
473
483
486
495
498
504
505
508
504
502
501
501
500
500
499
498
499
496
500
496
499
497
497
494
496
492
491
490
490
487
490
485
489
487
493
493
503
503
512
514
523
526
536
536
538
537
539
533
535
531
534
530
528
524
520
521
518
519
517
518
514
516
515
513
513
520
521
525
520
520
515
514
507
509
505
506
502
505
499
501
495
497
493
495
491
491
488
492
488
489
487
489
490
492
488
489
485
487
484
480
479
477
480
482
482
483
488
491
498
500
507
511
520
519
527
527
531
531
537
538
539
542
544
543
544
540
540
534
534
527
525
521
520
516
514
514
515
512
519
518
520
518
515
512
510
509
508
509
508
510
506
505
504
505
502
503
500
503
501
503
499
500
497
497
497
501
499
502
499
502
496
497
490
494
495
497
493
496
491
495
497
501
504
513
514
521
526
531
534
538
544
550
552
552
552
550
551
547
546
542
540
538
533
530
526
522
520
516
514
511
513
509
510
503
505
499
503
497
499
498
500
499
502
499
502
499
503
499
499
497
496
497
495
493
488
492
491
493
492
492
490
494
490
489
485
488
485
487
488
493
494
505
508
518
521
529
532
540
538
541
538
542
539
534
526
522
516
515
510
513
511
508
510
508
508
504
507
504
505
507
509
508
512
508
513
510
505
503
502
496
499
495
500
496
498
496
497
496
499
498
500
496
499
496
498
494
496
493
495
490
493
489
492
492
497
500
502
509
513
521
525
529
531
535
537
542
543
546
545
545
539
536
529
529
523
521
517
513
512
515
514
513
513
517
515
514
511
509
505
508
504
508
504
507
502
506
502
502
497
500
498
501
498
496
497
493
494
492
489
490
496
496
497
496
499
496
499
495
496
493
494
492
490
490
494
492
501
503
512
515
520
523
528
528
536
536
540
540
542
540
547
541
544
537
540
533
534
527
523
519
514
515
514
520
522
522
520
521
518
520
514
515
511
513
509
511
510
510
507
507
503
509
504
509
507
509
505
509
507
505
505
511
509
508
504
503
502
505
498
501
495
493
489
488
483
477
471
470
465
459
459
454
456
453
456
458
464
474
484
492
503
511
516
520
527
526
531
532
534
534
539
540
543
542
543
540
541
534
533
527
525
519
520
518
512
507
505
503
502
501
499
498
503
510
512
517
517
520
517
518
515
517
516
519
520
521
520
520
516
520
517
518
513
517
512
513
508
505
502
508
505
506
499
499
495
491
489
486
488
495
498
504
514
517
520
530
533
536
542
542
544
544
545
536
537
534
529
527
524
520
519
513
515
512
515
508
510
506
506
503
505
500
499
497
497
495
496
497
498
497
496
491
490
492
493
500
499
500
499
501
501
503
499
499
493
494
489
488
484
483
481
484
479
482
479
486
488
497
500
510
516
527
529
533
530
531
529
533
532
534
532
538
532
527
524
519
519
517
521
516
518
514
516
511
516
514
516
518
519
513
515
512
512
509
511
506
508
506
508
503
506
503
504
501
502
497
499
497
501
496
496
494
497
495
495
494
493
492
490
488
485
489
489
492
494
498
502
509
513
522
526
532
538
544
542
547
545
546
541
540
535
535
532
531
525
525
519
521
520
522
518
519
514
514
508
513
506
507
509
507
506
504
504
507
506
507
507
507
513
511
516
514
513
506
509
505
505
500
501
497
499
494
494
491
494
491
489
486
487
486
490
485
487
486
490
492
496
501
510
512
523
526
531
533
535
537
539
538
536
535
536
539
534
535
531
533
529
526
521
521
517
518
512
515
508
510
506
506
499
505
502
506
503
508
502
504
502
504
505
506
504
510
506
507
501
500
498
501
502
503
503
506
506
504
507
507
508
505
506
497
499
494
497
493
496
493
496
496
502
506
509
510
520
525
534
536
543
542
548
546
548
541
539
537
536
532
533
529
525
524
520
517
516
513
511
511
508
514
510
514
514
518
519
516
512
514
510
513
509
512
507
507
505
507
503
503
503
508
509
511
510
514
509
513
506
506
499
502
500
499
494
489
486
484
484
484
487
489
498
503
512
514
520
521
525
529
533
533
536
533
535
531
533
529
529
527
524
519
519
516
512
512
511
507
513
512
516
513
515
512
513
508
509
504
501
498
496
495
493
494
493
495
495
502
501
504
504
505
501
503
501
504
500
500
497
500
496
496
492
496
492
494
489
492
497
504
507
514
515
523
526
533
532
535
534
540
539
539
537
535
529
529
528
523
519
517
522
521
520
514
518
514
517
513
513
514
516
516
522
520
520
519
519
516
515
512
513
509
507
499
500
496
500
495
494
493
496
495
497
495
493
492
494
492
493
490
493
489
491
494
490
497
495
500
497
500
500
507
509
517
518
523
524
530
533
536
535
539
537
540
534
535
531
532
527
529
526
528
526
525
520
518
519
518
518
519
515
514
513
515
514
509
513
512
516
513
518
512
513
509
510
504
504
500
503
499
497
493
494
491
495
493
494
494
494
494
497
492
493
489
494
490
493
489
492
487
487
487
484
487
490
495
500
505
513
522
523
529
532
539
540
545
542
541
539
542
537
540
534
536
533
533
528
527
525
526
525
523
520
521
517
520
516
521
522
524
520
519
518
515
516
519
519
520
523
526
530
524
527
521
523
518
516
513
512
507
508
504
503
495
494
491
493
488
490
486
487
485
489
487
492
493
503
507
515
517
528
526
532
533
533
533
533
535
536
539
536
537
533
534
529
529
521
518
509
508
505
510
508
513
511
513
511
510
508
508
504
506
502
505
503
505
501
502
497
500
498
503
498
501
497
498
500
497
500
500
502
506
515
518
518
517
522
523
528
525
528
526
530
532
539
546
558
571
588
600
611
621
638
650
665
672
685
687
695
697
693
686
683
678
673
666
666
658
651
648
646
643
643
644
648
654
656
663
665
671
671
672
668
668
660
662
654
652
640
639
633
629
624
619
610
607
593
587
577
575
566
566
557
556
551
551
543
539
537
540
539
538
536
540
535
542
543
541
548
549
555
553
555
558
564
568
576
575
581
583
589
591
593
590
594
590
590
582
580
571
569
560
557
549
548
541
541
533
531
524
526
520
521
517
515
515
517
515
515
514
515
516
513
514
512
510
512
514
511
511
503
498
483
471
444
424
392
367
335
308
281
261
232
220
201
185
167
157
148
147
149
155
163
175
185
202
214
234
247
269
285
303
321
339
351
362
377
389
405
414
425
431
437
440
442
443
452
453
458
457
461
460
465
464
466
465
470
470
472
472
473
472
479
479
480
482
484
482
486
484
485
483
484
485
485
486
481
483
482
481
479
479
478
482
481
482
476
476
473
473
469
471
466
466
465
466
466
468
468
471
473
477
477
487
487
496
500
512
515
520
523
529
529
535
534
537
534
534
531
530
526
524
520
520
516
514
516
512
516
514
513
509
511
510
512
509
509
507
512
510
509
508
510
508
512
509
514
508
509
504
507
504
506
503
505
502
506
500
501
497
497
494
493
490
490
487
488
492
486
491
490
490
488
491
491
498
499
508
509
513
513
518
521
526
525
526
524
528
524
528
527
528
528
527
525
524
520
521
516
518
515
514
513
511
511
510
510
512
514
514
518
515
517
513
514
512
513
507
509
504
506
502
507
502
503
499
502
501
502
497
499
498
501
497
495
495
497
495
496
491
492
491
498
499
499
502
505
514
517
520
524
528
532
542
538
542
538
543
542
540
538
535
532
532
526
527
520
521
516
515
514
518
514
520
520
522
518
521
516
514
512
512
508
510
506
502
500
499
496
498
496
497
497
498
501
501
508
506
508
505
504
501
501
502
504
502
505
500
504
499
502
497
500
504
509
510
515
519
528
533
540
542
548
549
552
548
548
542
539
539
537
534
531
527
526
526
524
526
522
524
524
526
522
521
515
512
508
513
512
515
512
517
513
513
509
511
507
509
507
508
505
506
501
505
499
504
500
503
498
499
500
494
491
490
488
489
486
488
488
489
494
494
500
504
511
512
523
523
529
530
533
531
536
536
538
536
537
532
532
528
528
524
524
519
516
512
512
502
504
500
501
501
504
503
499
497
496
495
497
497
498
499
500
504
503
505
503
509
506
507
503
507
502
504
502
502
499
502
500
497
495
496
494
496
494
495
493
497
496
505
506
516
517
523
527
531
533
539
538
537
536
533
532
533
532
532
531
529
529
524
522
516
517
513
515
514
518
517
519
516
520
514
518
514
513
508
511
507
511
509
510
508
509
507
510
504
505
503
507
503
504
500
503
499
501
497
495
493
494
497
498
496
496
502
505
510
511
517
520
529
537
546
556
570
586
603
611
626
633
643
646
652
652
652
648
648
644
646
645
653
654
667
677
692
706
725
745
766
780
791
804
816
824
829
832
834
836
832
830
825
822
810
803
791
784
767
758
742
733
719
718
708
701
693
686
677
673
662
656
650
649
639
636
630
628
621
617
610
604
598
597
589
580
571
566
563
559
555
550
551
548
551
552
556
554
557
559
561
559
559
554
555
552
554
554
563
569
581
580
573
558
547
531
520
508
506
501
502
500
499
501
506
508
512
513
518
520
525
530
532
537
546
550
549
553
555
560
563
570
574
581
584
593
596
601
604
610
610
615
613
617
615
619
617
615
611
615
612
614
613
613
613
614
616
617
616
621
618
621
617
611
607
600
599
595
592
587
586
584
582
573
570
564
562
556
550
541
537
532
534
526
526
521
521
518
519
511
513
512
515
509
511
505
503
499
500
496
494
492
491
485
488
485
482
480
478
478
475
477
478
480
480
486
486
489
488
490
490
494
495
500
500
507
508
518
518
524
526
531
528
529
527
529
528
534
532
535
534
536
535
537
531
529
524
528
522
517
515
511
513
514
514
511
511
515
518
516
517
510
512
511
509
505
506
503
506
500
499
493
494
493
491
490
493
488
491
488
492
489
491
490
494
492
494
492
494
493
492
491
488
485
488
488
492
495
501
504
511
518
518
520
522
527
523
526
524
525
522
525
522
521
518
516
509
508
509
509
506
512
507
509
505
507
502
501
499
498
496
496
491
493
488
485
483
483
479
481
479
478
475
475
481
479
482
479
480
476
478
476
479
475
476
478
481
475
478
476
476
474
476
475
478
477
482
482
489
488
499
502
511
513
520
521
524
519
523
517
515
513
515
518
519
522
522
521
521
520
515
518
517
515
511
511
508
508
504
507
504
507
504
506
504
508
506
508
505
508
507
507
503
503
500
503
500
503
499
502
496
501
498
495
494
492
495
496
496
493
493
494
497
497
500
500
500
500
503
498
502
505
512
513
515
516
522
521
527
525
529
530
533
533
535
531
533
531
530
527
527
522
523
519
520
515
516
513
514
516
513
515
516
517
516
519
518
520
519
520
517
517
513
513
508
508
505
506
502
502
498
501
498
498
495
500
497
500
500
503
499
500
499
500
497
501
497
500
496
498
491
486
489
488
489
491
491
496
504
512
516
518
524
525
534
535
536
534
537
536
537
535
535
534
534
530
530
524
526
521
525
520
519
518
521
520
522
519
515
509
517
513
516
513
511
509
504
504
504
500
504
508
506
506
504
506
502
504
498
500
501
505
503
504
502
506
505
506
505
506
501
506
500
501
499
502
497
500
497
499
499
504
504
510
513
520
518
521
522
525
525
529
528
528
533
530
530
528
526
521
523
517
520
515
515
510
509
506
507
503
507
506
508
506
505
502
508
504
507
504
506
502
505
503
500
496
498
498
499
496
494
493
493
494
494
492
492
499
499
504
503
503
500
501
497
499
497
500
498
497
496
501
502
506
505
512
513
518
521
526
529
531
530
532
530
531
529
531
527
529
520
522
518
514
510
505
506
504
503
505
508
509
513
512
510
506
508
508
510
507
509
506
507
505
507
501
502
498
502
498
500
498
499
497
500
498
498
498
504
502
505
502
503
499
501
497
493
488
486
486
486
487
485
493
495
501
505
509
514
519
522
532
530
536
534
538
535
537
534
536
531
531
527
529
524
525
522
521
515
515
510
511
506
511
507
509
505
503
498
498
500
498
499
496
498
498
501
499
502
500
499
497
500
495
497
494
498
494
498
499
503
501
501
497
502
502
504
504
507
503
506
506
507
502
503
504
507
507
515
515
521
522
527
529
528
531
535
536
534
539
540
540
539
540
535
537
534
535
529
528
523
522
517
516
513
514
508
506
503
508
504
510
505
507
502
502
500
501
498
499
495
496
494
495
495
493
494
493
492
492
491
491
496
493
495
491
493
489
491
484
489
484
484
479
482
480
482
487
494
495
503
501
506
504
511
507
513
515
517
514
518
517
523
521
524
521
525
523
522
521
520
516
513
514
518
521
521
520
523
526
526
528
520
519
520
520
516
517
512
512
506
507
500
499
494
495
488
489
484
485
482
485
483
483
484
487
487
491
491
497
497
505
506
510
517
521
524
526
532
535
540
541
544
541
544
538
538
534
537
533
536
533
535
532
535
533
533
531
531
528
529
520
521
520
519
517
518
513
512
506
505
502
505
505
501
500
499
499
495
493
497
499
499
500
499
504
503
506
502
507
505
508
507
511
508
512
507
509
505
507
508
512
512
516
517
520
517
518
514
514
510
512
511
513
512
520
520
520
524
524
525
522
521
520
517
519
522
520
523
521
522
516
516
510
514
513
514
509
511
509
508
507
507
502
505
504
505
502
502
499
502
504
508
509
516
514
518
520
524
521
528
525
524
521
520
517
517
517
518
521
520
524
525
529
526
527
527
527
523
522
516
518
516
517
512
515
511
514
510
515
512
514
511
511
510
514
513
520
513
518
515
518
513
510
506
504
500
496
493
490
489
490
494
493
498
496
502
498
507
509
512
516
523
523
527
529
532
530
535
527
525
520
525
520
519
515
513
510
511
508
508
502
510
513
516
514
511
511
508
508
507
506
506
511
509
512
508
510
510
515
515
520
515
519
516
518
516
515
511
515
512
512
506
509
503
504
502
502
496
498
495
497
495
494
495
497
497
503
503
508
510
512
518
523
527
532
536
536
543
541
544
541
544
538
539
535
535
529
528
518
515
507
505
504
506
504
508
503
504
502
503
502
503
499
502
498
502
500
499
497
497
497
495
495
494
496
495
500
499
500
502
503
501
502
499
501
499
501
496
496
494
496
493
495
491
494
491
496
494
494
493
497
497
500
504
511
514
523
525
528
523
527
522
520
518
516
514
514
514
514
515
517
517
517
515
513
514
512
517
515
520
517
520
517
520
514
514
511
511
504
505
499
497
494
493
489
490
485
487
483
488
488
496
494
500
497
503
501
502
503
504
508
508
512
511
514
513
513
510
513
507
507
502
505
499
498
494
494
493
496
489
492
488
488
486
488
484
487
484
486
482
485
483
490
496
501
505
513
512
520
519
518
515
518
520
517
517
514
512
509
508
501
502
497
506
502
504
504
508
508
511
513
515
516
519
519
522
513
513
506
507
505
509
505
505
505
502
500
501
497
498
497
499
499
498
497
498
499
501
503
504
502
503
508
506
510
508
509
505
508
500
500
496
491
491
490
489
491
487
488
483
485
481
482
480
486
486
491
492
498
504
508
510
511
512
517
519
522
516
511
509
512
516
515
514
517
519
518
519
511
513
512
516
514
512
508
509
504
504
499
501
498
500
497
499
497
500
498
501
499
502
499
503
498
504
500
504
502
506
502
500
500
498
495
497
499
501
502
503
506
506
510
509
510
507
511
509
512
510
511
508
515
515
518
516
518
519
524
523
523
522
524
525
529
526
526
521
524
517
518
514
515
512
515
517
511
510
504
501
500
497
498
497
497
505
501
501
501
501
499
502
496
499
496
501
497
497
497
500
498
500
498
503
501
501
500
500
499
499
497
498
496
495
491
494
493
497
496
499
501
499
503
508
510
512
515
519
523
522
526
526
531
528
528
527
526
523
520
514
512
502
506
506
513
512
511
509
510
507
511
509
508
506
509
505
508
505
506
504
509
506
505
503
502
503
503
501
499
501
501
510
507
509
507
507
506
508
506
506
505
512
511
515
517
520
521
527
522
531
528
532
529
528
527
524
521
521
516
520
516
519
514
514
512
510
506
506
506
505
507
508
509
509
513
508
517
517
519
518
520
513
514
510
511
510
512
506
508
502
507
503
510
508
512
510
511
510
510
507
509
508
513
512
514
516
520
522
528
532
533
537
539
540
538
538
538
541
543
544
540
541
536
536
533
533
525
524
520
519
515
513
515
519
519
523
522
526
524
527
524
523
520
520
519
520
516
520
516
516
515
513
513
513
515
512
510
511
513
514
513
509
511
507
508
501
504
503
505
507
512
514
519
524
526
525
528
527
529
524
526
524
523
521
522
517
517
510
510
507
509
504
504
502
504
505
506
510
516
522
529
534
539
543
543
546
542
538
528
526
519
516
507
510
508
508
505
504
502
502
497
499
494
496
494
496
493
498
497
501
498
503
504
511
513
520
525
528
530
527
529
530
533
534
538
535
542
539
542
537
540
535
537
533
534
528
529
523
522
520
520
518
523
520
526
523
526
523
524
520
520
515
516
509
511
508
509
508
507
503
504
504
501
497
497
497
496
501
499
502
501
502
499
501
496
500
500
500
496
498
494
495
492
495
490
493
491
492
488
491
484
488
489
491
493
497
499
509
513
518
515
522
525
532
531
531
532
533
533
534
533
534
537
538
539
536
533
530
528
523
523
520
519
517
516
514
515
513
517
518
520
519
520
513
512
508
508
505
507
502
504
500
501
498
500
495
498
498
496
493
492
494
497
497
498
503
503
509
507
507
502
504
500
504
501
504
498
499
496
496
492
494
492
494
491
494
488
490
489
490
488
491
491
498
500
506
507
516
515
521
522
527
527
526
527
528
527
526
527
524
525
525
531
527
531
527
528
523
525
521
522
517
517
515
516
511
516
510
514
511
513
509
513
514
517
517
520
517
520
516
516
510
511
509
507
504
504
503
504
503
504
509
509
513
511
512
509
509
508
511
506
507
504
504
502
504
500
499
497
496
494
496
493
496
495
499
499
504
504
511
517
525
526
531
529
534
530
528
528
523
522
517
514
511
512
510
505
505
506
504
508
504
504
503
506
509
512
509
510
508
511
509
506
504
505
502
500
498
501
497
500
495
497
495
497
494
497
493
496
492
497
496
495
494
495
497
496
493
494
494
496
499
498
502
497
499
493
496
495
498
498
509
510
512
512
514
517
523
523
524
518
524
521
523
520
518
516
522
516
518
513
515
509
512
515
512
509
511
511
511
507
503
502
504
505
505
511
509
513
510
510
506
508
502
503
502
504
500
502
497
498
498
500
495
501
498
502
500
500
497
498
493
495
493
496
490
492
491
496
496
496
498
503
508
509
514
515
521
525
531
532
537
539
537
533
533
527
526
523
523
516
517
510
510
505
508
503
507
506
510
509
505
505
508
505
507
504
508
507
511
508
504
504
500
505
506
511
511
509
510
513
508
510
509
512
508
508
502
503
500
501
499
503
499
499
496
496
494
494
491
496
494
500
496
499
498
505
506
513
516
522
523
527
529
533
533
531
527
527
528
527
528
527
526
525
527
526
528
526
528
522
522
516
517
513
514
508
506
505
507
506
510
509
514
512
516
516
519
513
512
509
511
510
507
506
511
508
509
504
503
503
506
504
505
506
507
508
505
512
508
510
509
508
500
501
500
502
502
506
506
510
516
520
521
528
527
531
530
532
527
528
524
525
524
526
522
524
520
523
518
520
516
510
508
506
507
509
510
509
509
508
512
514
511
511
512
511
512
506
511
506
510
508
512
509
511
511
512
506
508
507
508
504
506
501
501
499
501
495
494
491
492
491
492
487
484
485
487
488
492
496
505
511
516
520
517
522
521
524
522
526
522
526
526
527
521
520
518
520
516
516
513
511
509
513
508
509
507
510
506
511
509
512
509
511
508
512
506
510
504
506
507
507
505
509
507
508
509
505
510
508
510
507
509
505
507
503
506
502
503
497
496
493
494
491
493
489
494
491
497
500
504
509
513
513
518
517
523
524
522
521
525
523
524
525
524
522
521
528
525
528
523
520
518
519
514
516
511
512
510
513
509
510
508
510
507
510
509
515
517
519
517
516
510
511
506
507
502
504
499
501
496
495
492
492
492
494
494
492
497
495
498
497
500
498
500
497
498
495
496
492
493
490
495
496
503
504
511
514
523
524
529
531
534
533
537
531
531
529
530
528
530
527
526
522
519
514
516
511
510
511
510
504
505
512
513
518
517
520
517
522
518
517
514
514
510
513
509
508
506
504
503
505
503
505
503
507
505
511
504
508
506
508
506
507
506
509
507
508
505
506
501
499
497
497
495
495
492
494
497
498
498
497
500
499
506
508
514
516
522
521
526
526
530
528
528
524
523
516
518
513
521
516
517
516
516
515
519
515
517
516
518
517
516
512
511
514
517
517
514
514
511
510
507
507
505
509
504
508
501
502
498
503
501
503
499
502
502
506
504
503
501
504
502
503
500
503
499
502
497
498
494
496
494
496
492
494
493
494
493
490
491
491
498
500
506
508
514
516
519
520
523
522
525
524
527
524
528
524
527
524
525
524
523
522
519
514
515
511
511
510
514
514
517
511
513
511
512
509
507
502
503
501
497
496
493
494
497
499
498
498
498
500
503
507
508
509
507
511
506
508
502
502
498
502
500
498
494
495
494
495
492
493
490
494
491
493
492
496
498
506
506
511
513
519
520
521
524
522
525
527
531
530
532
528
529
528
528
524
525
521
521
516
518
512
513
508
511
507
509
508
511
505
508
506
511
506
507
506
508
508
508
509
512
512
517
516
515
509
511
506
506
505
503
506
506
508
502
504
497
501
497
500
497
498
500
503
495
495
493
496
494
495
490
493
490
494
488
493
495
502
506
511
514
521
525
531
532
536
535
534
531
534
531
528
527
527
530
523
528
523
524
519
520
515
514
508
508
506
506
504
506
505
507
506
507
507
508
505
509
506
509
504
507
505
509
505
509
505
507
507
509
507
506
505
507
507
508
508
509
514
512
514
514
514
511
514
512
515
513
512
514
515
509
511
508
513
511
513
513
512
508
509
505
506
503
509
511
518
513
516
514
520
520
525
522
520
521
520
518
515
515
522
523
524
521
521
528
526
529
525
527
523
530
526
529
525
529
526
527
524
526
520
526
525
528
527
531
527
530
525
521
518
517
513
512
509
508
504
499
496
494
494
495
495
497
498
497
500
499
501
498
500
499
499
496
495
492
497
493
501
501
506
508
514
514
519
518
524
523
524
522
526
525
526
525
525
521
522
520
520
514
509
506
503
503
501
501
499
499
499
504
503
507
505
510
509
508
507
508
505
505
503
504
499
501
500
501
496
498
494
494
492
492
487
489
489
490
487
491
491
493
492
495
494
495
494
495
489
489
490
493
494
498
501
505
515
520
527
530
536
541
541
539
541
538
538
531
529
521
519
512
512
510
514
512
515
511
514
509
511
504
505
501
502
501
505



