Serial Number - 32
Age - 21
Medical Condition - Pre Lunch
Time of Day - 4:48PM
BP - 96/59


0
9
508
508
507
507
506
506
505
504
506
508
510
511
510
509
508
507
506
505
504
0
513
484
461
451
443
443
443
450
454
463
468
480
486
496
502
511
515
523
525
524
527
528
529
529
529
528
528
526
528
524
522
514
511
506
506
502
504
501
503
501
504
502
505
503
506
505
508
507
510
508
511
509
511
509
511
508
510
506
508
505
503
501
500
499
499
498
498
499
499
503
503
507
505
508
506
508
507
510
509
513
512
516
516
521
521
526
526
529
527
529
527
528
525
526
523
523
519
519
516
516
513
513
511
512
513
513
513
513
513
513
513
512
515
513
515
512
513
510
510
507
508
505
506
504
505
503
505
503
505
503
505
503
504
502
504
502
505
502
505
502
504
501
504
501
504
502
505
503
503
505
508
512
513
514
516
519
522
528
529
533
532
534
532
533
529
529
525
526
522
522
518
517
513
514
511
516
516
517
515
517
515
518
515
517
514
515
511
511
507
508
505
502
499
499
498
498
499
500
501
502
506
506
509
507
509
506
509
506
508
505
506
503
505
503
505
502
506
505
509
510
516
516
519
519
525
525
529
528
531
531
533
531
533
530
527
523
519
517
516
518
519
523
522
524
521
522
519
518
514
516
512
514
512
513
511
512
509
509
507
508
505
507
504
506
502
504
501
503
500
502
500
503
500
503
501
503
501
499
498
497
497
497
498
498
499
499
504
504
508
509
513
514
519
520
523
522
526
527
530
529
531
529
531
528
530
526
526
522
522
519
523
521
524
521
522
519
520
517
517
514
510
507
506
505
505
505
505
505
506
510
510
513
512
513
509
510
506
508
505
507
503
505
502
504
501
503
500
502
500
502
500
503
501
504
503
507
507
513
514
520
522
528
529
530
531
535
535
534
533
532
531
527
522
517
516
514
514
511
515
515
517
516
518
516
518
515
516
513
514
512
513
510
512
508
509
507
507
505
506
503
505
502
504
501
503
501
502
500
501
499
501
499
498
497
496
496
497
501
501
500
500
505
506
512
514
520
523
530
533
538
538
543
541
544
541
542
538
537
527
525
519
519
515
516
511
517
517
521
519
521
519
521
519
520
516
514
510
508
508
507
506
507
506
507
510
508
511
509
510
507
507
504
505
502
503
500
502
499
501
499
501
499
500
498
500
498
500
499
501
500
503
502
506
507
514
517
524
523
527
527
528
530
533
535
536
536
537
540
538
540
537
537
532
531
528
527
523
522
517
517
512
513
511
517
516
519
517
519
516
517
514
515
511
512
507
508
504
505
502
504
501
503
500
499
497
497
497
497
497
496
497
497
501
499
502
502
503
501
503
501
503
500
502
499
501
499
502
503
508
510
514
514
519
521
527
529
535
536
538
536
539
537
538
534
533
529
529
524
524
520
516
514
512
512
514
516
518
519
519
522
520
521
517
518
514
515
510
511
507
506
502
504
501
503
500
502
499
501
499
501
499
501
498
500
498
499
497
499
497
500
497
500
498
497
497
496
495
497
497
500
507
510
515
517
521
521
526
527
531
531
534
532
534
531
532
528
528
523
523
518
517
515
518
516
518
516
517
515
517
514
515
513
509
507
505
504
503
502
502
501
502
505
504
506
505
505
503
505
503
504
502
504
501
502
499
500
498
501
499
501
498
500
498
500
496
499
498
501
502
508
510
516
519
526
529
534
535
540
539
537
535
530
526
524
521
519
521
519
519
516
516
512
513
511
515
514
515
513
513
511
512
510
512
510
512
508
510
506
508
505
506
503
503
500
502
498
499
498
501
499
501
499
501
499
497
496
496
496
496
496
496
496
497
501
501
504
500
503
502
505
505
509
510
515
516
522
523
525
524
526
525
529
529
531
530
533
531
531
528
529
526
526
521
522
518
518
513
511
512
511
511
512
512
512
512
512
515
513
515
512
513
508
509
507
509
505
507
504
507
503
505
500
501
499
500
498
500
498
501
499
501
497
499
497
498
496
498
496
499
497
500
498
499
500
503
506
511
513
515
518
521
528
530
534
535
537
535
535
531
532
528
528
524
524
519
518
513
513
510
514
510
513
512
513
510
512
509
512
509
512
508
510
508
510
506
504
502
501
499
498
498
498
498
498
503
502
505
504
506
503
505
501
502
499
500
498
499
498
501
500
505
504
509
509
513
512
516
517
523
523
528
528
531
529
531
529
530
527
523
520
520
515
511
512
512
513
513
513
514
515
515
519
517
519
517
518
514
514
510
511
506
507
503
504
501
502
499
501
499
501
498
500
497
499
498
500
498
501
500
501
499
502
501
504
504
505
507
510
514
516
518
521
528
531
535
535
539
537
540
535
535
531
529
524
523
518
517
513
517
516
518
516
517
514
515
512
514
511
512
509
511
508
510
506
507
505
506
503
500
499
499
499
499
500
502
505
504
506
504
505
502
503
500
502
499
501
498
499
496
499
497
500
501
506
507
515
518
525
528
535
537
543
542
543
540
542
539
539
535
535
531
531
526
522
519
516
515
513
512
512
515
518
523
522
525
522
524
520
519
515
516
512
512
509
509
506
507
504
504
501
502
500
501
499
501
498
500
498
500
498
500
498
500
497
499
497
496
495
494
494
494
495
497
500
504
510
514
520
521
527
530
536
538
544
544
547
546
548
545
545
540
539
533
532
526
524
519
519
515
515
511
515
515
517
515
517
514
516
513
515
512
510
508
507
506
505
504
504
503
502
506
504
506
504
505
502
503
500
501
498
499
497
499
496
498
495
497
494
497
494
496
493
496
494
496
495
497
496
500
499
503
504
510
513
514
515
518
521
524
528
531
534
536
540
539
541
539
538
534
533
528
527
521
519
515
515
512
515
513
516
514
516
513
515
512
514
511
513
511
512
510
510
507
509
506
506
503
503
501
503
500
498
496
496
495
495
496
496
500
499
501
500
502
500
502
499
500
498
499
499
501
501
506
508
514
514
518
520
526
527
531
531
535
533
536
533
535
531
532
527
526
520
520
515
511
512
513
513
513
514
513
513
513
516
515
517
515
516
512
512
508
508
505
506
503
505
502
504
501
502
499
500
497
499
497
499
497
500
497
499
497
499
496
499
496
498
497
500
500
501
504
508
513
515
518
522
526
530
537
539
544
543
546
544
544
539
538
533
532
526
525
520
519
514
513
511
515
514
517
514
516
513
514
511
511
507
509
507
509
506
507
503
501
500
499
498
498
498
497
497
497
501
500
503
502
504
502
503
500
502
500
502
499
501
498
500
497
499
497
499
499
504
506
512
512
521
524
533
535
542
544
549
547
550
545
547
541
536
528
523
519
516
514
513
512
510
512
511
513
512
514
512
515
513
515
512
514
510
511
507
508
506
507
504
510
510
513
511
512
508
507
504
503
500
501
498
498
496
498
496
495
492
492
492
492
491
492
492
492
496
496
498
498
502
501
504
504
509
511
516
515
521
523
531
532
538
538
542
541
543
540
541
535
535
531
529
524
525
521
520
516
514
510
515
514
514
513
512
513
512
513
513
517
515
517
515
515
512
512
509
509
505
506
502
501
497
499
496
497
495
497
493
496
495
497
495
498
496
498
493
496
495
498
495
498
496
498
496
498
497
497
499
500
502
507
512
515
518
521
528
530
536
536
540
539
540
537
536
532
532
525
524
519
519
513
514
510
512
511
513
510
513
511
513
511
512
510
513
509
510
507
508
505
507
503
502
501
501
502
502
502
502
501
500
502
500
503
500
502
500
501
499
501
498
500
497
499
497
500
499
504
505
511
513
515
515
522
523
528
529
535
535
539
537
538
533
534
529
529
524
520
515
512
511
513
513
514
514
513
517
515
516
515
515
512
512
507
507
504
505
502
503
500
502
500
502
498
501
498
499
498
498
496
498
495
498
496
499
497
499
496
499
497
495
494
494
495
496
498
501
505
510
516
518
525
527
533
534
538
539
542
539
541
538
540
535
534
530
531
526
524
519
518
514
514
511
514
513
516
513
516
514
516
513
515
511
512
510
506
504
504
502
502
500
500
504
502
503
503
504
502
503
500
503
499
501
498
500
497
498
495
497
495
498
496
499
497
500
500
506
507
513
512
518
521
527
530
537
539
543
540
542
541
538
535
535
533
531
528
525
523
522
523
520
520
516
517
513
514
511
516
516
518
516
517
514
515
511
511
508
508
505
505
503
503
501
503
499
501
498
501
498
499
497
500
497
498
496
495
493
493
491
492
493
494
494
496
501
502
505
506
511
513
515
516
523
525
532
533
538
540
544
541
544
542
543
538
538
532
531
526
523
518
518
514
512
512
517
516
517
515
515
515
515
513
512
512
511
510
510
513
510
512
509
510
506
507
503
504
499
500
498
500
496
498
496
498
495
496
494
497
495
497
496
500
500
505
505
512
515
519
521
527
530
533
535
538
539
540
540
539
538
535
537
533
533
528
527
521
520
516
515
513
516
514
516
514
516
512
511
509
510
506
508
505
506
503
505
502
503
502
503
501
503
500
501
499
497
495
494
494
494
493
493
494
493
497
496
499
498
500
500
503
504
510
512
518
521
527
531
539
542
547
548
549
545
544
540
541
537
535
530
529
525
525
520
520
516
516
512
512
513
514
514
514
513
513
513
512
512
510
512
511
512
510
510
507
509
505
505
502
504
501
501
498
499
496
499
495
497
495
496
493
495
493
495
493
495
493
495
493
495
494
497
497
503
505
508
512
515
517
521
528
533
543
545
552
553
555
553
554
550
549
544
542
536
533
527
525
519
518
512
512
510
514
513
517
513
515
513
515
510
513
510
511
508
508
506
507
503
501
499
498
497
496
496
496
500
498
497
496
498
496
499
496
498
496
498
496
496
494
495
494
496
492
495
493
496
494
495
493
496
495
498
498
504
507
514
512
520
523
532
533
540
543
544
544
545
544
543
542
539
537
535
535
531
529
525
525
519
519
514
514
512
515
513
517
515
517
515
517
514
515
512
512
509
510
507
507
504
503
500
501
496
498
496
497
494
494
492
492
491
490
490
491
492
493
493
494
498
497
500
498
500
498
499
497
499
496
498
495
497
495
497
497
503
506
514
515
522
523
530
533
538
538
543
542
543
539
539
534
534
528
524
520
516
514
511
513
514
514
513
518
517
520
516
518
517
517
513
515
511
512
509
509
505
506
502
502
498
500
497
498
496
497
495
496
493
496
495
498
496
499
497
499
496
498
496
497
495
493
492
492
492
491
492
493
499
503
510
513
517
519
525
526
531
532
538
537
539
537
540
536
536
532
530
525
525
518
516
511
514
513
515
511
514
512
513
511
512
510
512
510
510
507
505
504
503
502
501
500
499
499
499
502
501
503
500
502
499
501
498
499
496
498
495
497
492
494
491
493
492
493
492
494
492
496
493
496
497
500
500
504
506
513
511
520
526
530
534
537
540
542
542
542
541
541
542
539
535
528
526
519
517
512
511
507
507
504
505
502
504
502
506
504
507
505
507
506
508
505
506
504
504
502
504
502
502
501
506
506
504
503
500
499
499
498
497
497
498
500
498
501
499
501
498
500
498
499
497
499
495
497
495
498
496
499
498
503
504
510
511
516
517
523
524
530
532
537
538
541
539
542
538
539
535
532
529
525
521
518
515
513
512
514
519
518
518
517
520
518
519
515
515
512
513
510
510
506
506
502
503
498
498
495
496
494
496
494
495
494
497
495
497
495
498
496
498
496
495
494
493
493
493
493
494
495
496
500
500
503
502
505
505
509
510
517
519
525
528
534
535
540
540
542
540
541
538
538
533
533
528
525
516
515
510
514
512
514
511
512
510
511
508
511
509
507
505
503
502
503
503
504
507
504
506
506
506
504
507
504
505
503
502
499
501
498
500
497
499
496
498
496
499
496
498
496
498
496
498
496
499
497
501
501
506
509
516
518
525
525
525
525
527
528
529
533
532
534
532
532
527
527
523
521
515
516
512
511
511
513
513
515
513
515
512
514
511
512
509
510
507
508
505
507
504
505
503
504
501
502
499
499
496
494
493
492
493
493
493
494
496
497
500
500
503
502
504
502
503
502
505
503
508
508
513
513
518
519
525
527
533
534
539
539
542
540
541
538
537
532
530
524
523
517
516
511
510
510
509
508
508
507
508
508
508
509
509
513
512
514
511
513
509
510
506
507
503
503
498
499
495
496
492
494
492
493
492
495
492
495
494
497
496
498
496
498
497
498
496
499
498
498
498
500
502
506
510
514
517
521
529
533
540
541
546
546
548
546
548
544
542
537
535
529
528
521
519
512
511
510
514
513
516
512
514
512
514
511
513
511
513
510
512
507
504
503
501
500
500
500
500
499
499
501
500
503
500
502
500
501
499
501
498
500
497
498
496
498
496
498
496
498
496
498
496
498
496
500
500
505
508
513
513
519
522
528
530
537
537
542
541
540
540
538
537
536
533
530
531
528
526
521
520
516
516
512
513
512
517
516
518
517
520
519
521
517
518
514
513
508
509
502
502
498
499
496
497
494
495
493
495
493
495
493
492
491
491
491
492
494
494
498
499
502
501
503
500
503
500
501
499
500
497
499
499
504
505
511
514
518
519
526
527
532
532
537
536
539
535
537
534
536
530
531
526
525
520
517
514
514
515
514
513
513
517
517
518
515
513
511
515
513
514
511
513
509
510
506
507
503
504
500
501
498
500
498
499
495
498
496
499
496
498
497
499
497
497
494
496
495
492
492
493
494
497
500
503
512
519
524
527
533
535
539
539
542
540
543
540
539
535
535
529
528
522
520
516
519
516
517
514
514
511
509
506
508
506
507
505
508
506
508
507
504
503
503
501
500
500
500
503
502
502
501
504
501
503
501
504
501
503
500
501
498
499
496
497
494
496
494
497
496
499
498
504
506
513
517
526
530
536
539
544
541
543
541
539
537
535
532
530
528
527
527
524
521
519
520
516
517
513
515
512
516
517
519
517
518
514
515
512
513
509
510
507
508
505
506
501
503
500
501
498
500
498
500
498
498
496
499
495
493
492
491
491
491
491
492
493
495
500
500
506
507
513
516
522
523
528
530
537
539
545
547
551
550
551
548
549
544
543
538
538
534
533
527
525
519
517
512
513
511
515
515
514
514
513
514
513
512
512
511
511
513
512
514
511
512
507
508
506
506
502
503
500
500
497
498
495
497
492
494
492
495
493
495
492
494
492
494
493
496
495
500
501
508
512
518
520
522
527
533
538
542
545
547
550
550
554
552
553
548
546
540
537
530
528
521
520
514
514
511
515
514
517
515
518
516
518
515
517
514
515
510
511
507
508
505
506
502
504
500
498
496
495
494
493
493
493
493
493
496
495
498
496
498
496
497
495
498
497
502
502
508
511
518
519
525
528
535
538
544
545
550
549
551
548
549
544
543
538
536
530
528
522
516
511
516
515
514
513
513
512
512
515
513
516
513
514
512
513
509
511
508
509
506
507
503
503
500
501
497
498
494
495
493
495
492
494
493
494
491
493
491
493
491
493
492
496
497
504
508
514
517
523
529
535
541
546
555
557
560
559
561
558
558
552
546
519
505
493
490
486
489
488
494
495
501
502
508
508
514
514
519
518
521
519
520
518
519
517
517
513
514
509
505
502
499
497
495
494
493
497
497
499
497
500
498
500
498
500
497
498
495
496
494
496
492
494
492
495
495
500
503
512
514
520
525
534
538
547
549
556
557
561
560
561
558
557
552
547
541
537
532
528
524
520
517
515
516
513
515
512
515
513
514
512
515
512
516
513
515
511
516
515
518
514
515
510
511
506
507
503
502
498
498
492
493
489
490
487
490
487
485
484
484
484
485
485
485
486
487
493
492
496
496
500
501
507
511
517
519
527
531
541
546
554
556
561
559
562
558
558
552
551
544
542
535
532
523
521
514
513
510
514
511
510
508
507
506
507
507
507
507
507
510
508
510
508
509
506
506
504
505
501
502
497
498
494
495
492
493
490
490
488
491
488
490
488
491
488
490
488
492
489
491
489
492
490
493
491
490
491
493
497
503
510
516
520
525
536
540
547
550
554
553
555
552
553
546
545
539
537
530
527
520
518
512
511
510
513
510
511
508
511
509
511
510
512
508
509
506
508
504
507
502
504
501
498
496
496
496
496
495
495
498
497
499
496
498
494
496
493
494
491
494
491
493
491
496
497
503
507
515
517
524
528
537
540
546
547
551
549
551
547
547
541
540
532
530
523
517
512
510
509
509
509
509
512
511
512
510
513
510
512
509
510
507
508
504
504
500
502
498
498
496
497
494
496
492
494
492
494
491
493
491
494
491
494
491
493
491
495
495
500
503
507
514
519
525
531
539
545
550
555
561
561
565
562
562
555
552
546
543
533
530
523
521
514
512
510
513
511
514
510
513
511
513
510
513
510
512
508
509
506
507
503
505
502
499
497
496
494
493
491
490
489
489
493
491
495
494
497
494
496
494
497
497
503
506
513
515
523
527
538
544
553
556
563
562
566
564
565
560
559
551
548
541
538
530
528
521
520
514
511
511
511
511
512
512
512
512
512
515
513
515
512
512
509
509
505
505
501
503
499
500
496
496
493
495
492
494
492
493
490
492
490
492
490
492
491
495
496
503
506
514
516
520
527
539
544
550
554
557
560
561
565
563
564
559
557
551
548
540
537
528
525
519
518
511
514
513
516
514
516
514
517
513
515
510
510
506
507
503
502
499
501
498
500
497
499
495
496
493
490
489
487
486
485
485
485
490
490
495
496
503
507
515
518
527
532
541
547
556
559
565
565
568
566
567
561
560
551
547
538
535
527
524
517
515
510
513
512
514
511
513
511
508
508
507
507
506
506
505
509
508
509
506
508
503
505
500
501
497
496
493
494
490
492
488
490
488
492
492
499
502
511
514
521
526
535
540
550
553
560
561
564
562
563
558
557
549
542
534
529
523
517
513
510
510
510
514
512
514
510
512
509
511
508
509
506
507
504
506
503
504
500
501
497
498
494
495
492
493
490
492
489
491
487
489
486
489
489
494
495
499
505
512
518
527
534
543
549
557
565
567
572
570
570
565
561
554
549
541
535
528
524
516
513
509
512
509
510
508
511
508
510
508
509
507
508
504
503
500
500
496
497
494
495
492
489
487
486
485
485
484
484
484
484
488
488
491
489
490
488
490
488
492
492
499
503
513
516
527
534
545
552
562
566
572
573
576
573
574
567
564
557
554
545
541
531
527
519
512
509
508
508
507
507
507
507
507
511
510
512
510
511
508
509
505
507
503
504
499
500
494
494
490
491
488
489
486
488
485
487
485
486
483
485
482
484
481
482
480
481
479
481
479
483
485
488
493
500
510
519
526
533
547
554
564
567
573
572
574
570
571
566
563
554
549
540
536
527
523
515
513
509
512
506
509
507
509
507
509
506
507
505
507
504
505
501
502
499
496
494
492
490
489
488
487
491
490
490
489
491
487
489
487
490
487
488
486
487
484
486
483
485
482
484
480
491
508
519
521
527
526
531
531
537
540
547
550
558
559
563
563
565
562
559
554
549
544
538
534
529
523
519
517
512
511
509
511
509
510
509
511
509
511
509
511
509
511
509
510
506
507
503
504
500
500
496
495
490
492
489
490
488
490
486
488
485
482
480
480
480
479
480
480
481
482
487
486
490
491
496
501
509
514
519
523
531
535
544
548
554
555
558
556
556
551
549
542
539
532
528
521
518
510
512
509
509
506
508
503
504
502
500
499
499
499
498
498
498
499
498
501
499
501
498
498
495
496
492
493
490
490
486
487
484
485
482
483
480
482
480
482
480
483
481
483
481
486
486
491
494
503
509
518
524
529
536
541
546
551
556
559
560
561
562
559
559
553
550
542
538
530
526
518
514
510
511
507
508
505
507
505
507
504
507
505
506
504
505
502
503
499
499
496
498
495
496
493
492
488
488
486
483
481
480
479
478
479
479
485
486
488
487
489
487
491
491
496
497
506
512
519
523
533
538
548
553
560
562
566
565
566
563
562
556
553
546
542
534
531
523
518
511
513
510
508
506
506
505
505
505
505
505
505
507
506
508
504
505
502
503
499
499
495
496
491
492
488
490
487
489
486
488
485
487
484
486
483
485
482
484
483
485
483
486
485
489
489
496
499
505
513
518
524
534
542
550
556
561
568
568
571
567
567
560
556
548
543
534
530
521
516
510
512
509
510
507
509
507
509
507
508
506
507
504
507
504
506
503
504
501
501
498
499
495
492
489
487
486
484
483
483
483
484
487
486
489
488
488
487
489
486
489
489
495
498
508
514
522
527
536
541
550
553
559
558
561
558
557
552
551
545
542
534
530
522
519
511
509
506
508
506
505
503
503
503
504
504
504
508
508
510
508
509
506
506
502
503
500
499
495
495
491
492
488
489
486
487
485
486
483
484
481
483
482
485
485
490
493
500
505
515
518
528
533
539
545
550
554
558
559
559
562
559
557
552
