Serial Number - 34
Age - 21
Medical Condition - Post Lunch
Time of Day - 4:55PM
BP - 120/79



0

510
510
510
509
509
509
509
508
511
513
513
511
508
504
502
500
499
0
543
511
491
475
469
463
466
466
473
476
485
490
498
501
508
509
514
513
517
515
511
510
509
509
506
505
505
504
503
507
503
505
504
503
500
502
498
499
495
497
494
496
493
494
492
494
492
496
494
499
500
505
507
514
516
521
520
519
516
519
518
520
519
519
519
519
519
519
520
519
519
518
522
521
523
521
522
520
520
516
516
512
513
509
514
513
513
510
511
509
509
506
505
502
504
501
501
499
501
498
501
498
498
496
499
496
497
493
495
492
490
488
487
488
491
494
497
506
510
514
512
518
520
525
524
527
527
529
524
523
520
522
519
520
518
520
517
517
514
514
510
511
508
509
505
507
505
507
504
506
504
506
504
503
500
500
503
504
505
505
508
506
507
503
504
501
501
498
499
496
498
496
497
494
495
492
493
489
489
486
489
486
489
491
497
499
506
508
512
512
517
517
520
519
522
518
514
511
510
509
509
509
509
512
512
513
512
514
511
513
510
511
508
510
508
509
507
509
507
508
506
507
504
505
502
502
499
501
499
501
498
503
503
506
504
505
501
503
500
497
494
492
491
491
492
494
500
502
507
509
512
512
517
517
520
518
519
515
516
514
516
514
517
515
517
515
516
513
514
511
512
509
513
513
514
513
515
513
514
510
511
508
505
504
502
500
499
502
500
502
500
501
498
500
497
499
496
498
496
498
495
497
495
496
494
497
494
497
496
500
501
505
506
511
512
514
513
518
519
523
521
523
521
523
521
519
517
518
518
518
516
516
519
519
520
518
519
516
516
512
507
501
501
497
499
497
500
497
500
499
502
501
504
500
502
499
501
498
499
496
498
496
497
494
496
494
496
493
492
491
491
491
491
493
498
501
504
509
511
513
515
518
518
521
520
520
519
521
518
521
518
519
515
517
514
515
512
514
509
512
509
511
508
507
503
506
506
510
508
512
510
508
507
506
505
506
505
506
508
507
508
505
506
503
503
500
503
501
502
500
501
498
499
497
500
500
503
503
508
508
511
511
517
516
520
518
522
520
523
520
522
519
520
518
515
513
511
510
510
509
508
509
510
511
508
510
508
511
509
511
509
511
508
509
505
507
505
510
509
511
509
512
508
510
507
508
505
506
502
503
500
501
497
499
497
500
499
500
503
506
509
512
514
514
515
516
520
520
524
522
526
524
527
525
527
526
527
525
527
524
525
522
524
521
522
519
521
518
520
517
518
515
516
513
516
512
517
517
519
517
514
511
510
508
506
505
504
503
502
505
504
506
504
505
503
504
501
502
499
500
498
501
499
503
503
507
509
514
515
518
518
521
520
524
524
527
527
530
529
532
530
532
529
527
525
523
521
520
519
518
517
518
521
520
522
520
521
519
521
519
520
518
518
514
516
515
520
519
520
517
516
512
512
508
508
504
505
501
502
498
500
496
497
495
497
495
494
494
496
498
501
508
511
514
517
522
523
528
527
530
528
531
529
531
528
530
528
529
525
526
523
524
521
521
518
520
518
520
518
520
517
519
518
520
517
518
515
519
517
516
515
514
512
514
515
514
514
513
515
513
514
511
512
508
509
504
504
501
502
501
503
501
504
504
509
510
517
516
519
519
523
523
527
526
530
528
531
529
532
530
527
526
525
523
522
522
521
520
520
523
521
524
521
523
519
521
518
518
516
518
517
520
517
519
515
516
511
511
506
504
500
501
498
500
497
499
496
498
495
497
495
497
494
492
490
491
492
494
497
502
510
514
517
519
524
524
528
528
530
528
530
528
530
528
529
526
527
524
525
521
522
518
519
518
519
516
518
516
517
513
514
511
512
509
514
513
512
511
510
509
508
505
504
506
504
504
501
502
498
499
497
499
496
498
497
497
496
498
497
499
498
503
502
506
507
512
513
514
513
517
516
520
519
522
519
521
518
520
517
515
514
513
512
511
510
509
512
511
512
510
511
509
511
506
504
502
505
503
505
503
505
504
506
503
505
502
503
500
501
498
499
496
496
493
494
492
493
491
493
490
492
491
490
491
493
495
498
501
504
512
513
514
513
517
516
519
517
519
517
520
517
518
515
516
512
513
509
510
507
508
506
507
506
508
506
508
501
503
501
504
502
504
502
504
501
499
498
498
497
497
496
496
499
499
501
499
501
499
501
498
500
498
500
501
505
504
508
508
510
508
512
511
515
513
516
514
517
515
518
515
518
514
516
513
513
511
512
511
506
504
504
505
505
506
507
511
511
514
512
514
509
511
508
509
505
506
502
502
499
501
498
500
498
499
497
497
495
495
493
494
491
494
492
495
496
501
502
508
509
512
513
515
516
518
519
521
522
523
528
529
531
529
531
527
529
525
525
519
513
503
501
503
509
510
514
514
518
516
516
513
513
508
509
505
506
503
505
502
504
501
499
498
496
494
494
495
496
495
496
500
499
501
499
500
498
500
497
498
496
497
494
495
494
497
496
499
499
505
505
510
510
514
512
516
514
515
512
515
512
515
513
515
514
515
513
513
510
508
506
504
504
505
509
508
511
510
512
511
515
514
515
513
514
511
506
502
505
503
506
505
508
506
508
506
508
505
507
503
505
502
504
501
502
500
501
498
499
495
496
493
496
494
493
494
496
498
501
503
506
508
511
512
510
516
517
521
520
521
520
523
521
523
521
522
518
520
517
518
515
518
516
516
514
514
507
504
503
509
509
512
510
513
511
509
509
508
508
506
506
506
507
506
506
504
506
504
506
504
505
501
501
497
497
493
495
494
496
493
496
494
495
493
496
496
500
500
505
506
511
512
516
515
521
521
526
526
524
523
524
524
523
521
522
523
523
527
526
528
526
526
524
526
521
521
519
520
517
518
515
513
509
509
506
507
504
506
504
507
503
510
511
516
514
518
516
517
512
514
511
509
507
505
503
502
500
499
498
497
500
496
498
497
498
496
497
495
495
494
497
496
500
502
507
510
516
517
520
519
523
522
524
522
524
522
524
521
522
518
520
518
519
517
519
520
519
516
514
512
511
511
512
515
514
517
516
518
516
518
515
514
511
512
508
513
512
513
511
513
510
511
507
507
503
504
501
501
497
498
495
496
492
493
491
490
491
493
496
499
502
507
513
514
517
516
519
517
521
519
522
519
521
520
521
518
520
517
517
514
515
511
513
510
512
509
511
509
512
509
510
508
511
509
507
505
507
509
510
510
510
509
508
509
508
512
511
511
509
508
504
504
500
501
498
497
494
494
492
494
492
494
493
496
496
500
501
507
508
512
512
517
517
520
519
521
520
518
517
516
516
516
516
516
516
516
520
518
521
519
519
516
516
513
515
511
513
511
512
509
511
508
509
507
509
506
511
509
510
507
508
503
504
500
501
497
498
494
495
492
490
489
489
488
489
490
491
495
494
499
499
503
504
507
510
517
519
524
523
526
523
525
522
523
519
520
516
516
513
514
511
509
504
504
500
506
506
510
509
512
510
507
506
504
504
504
503
502
502
502
506
504
507
505
507
505
506
504
506
504
506
503
505
502
503
500
501
499
499
496
497
496
499
498
502
502
506
506
510
511
515
515
518
516
518
516
515
514
514
514
513
511
511
511
511
515
513
516
513
513
510
511
508
509
507
508
505
507
504
505
503
506
505
508
508
512
510
513
510
513
508
509
505
506
504
506
503
504
501
499
497
495
494
493
493
494
495
497
503
504
510
511
513
513
515
514
517
515
517
515
516
513
513
511
514
513
516
515
517
514
516
513
512
509
510
506
507
505
506
503
502
498
496
495
494
493
493
493
492
492
493
497
496
499
499
502
501
504
503
505
504
507
506
508
506
507
504
505
502
504
502
505
502
507
506
509
508
512
511
514
512
515
512
514
512
510
509
508
508
508
508
508
509
509
513
512
514
506
505
507
511
511
514
513
515
513
515
513
513
508
510
507
509
506
507
504
506
503
504
502
503
500
502
499
501
498
496
495
493
493
493
494
496
499
501
507
509
513
512
513
515
518
519
523
522
524
521
523
520
522
519
521
520
522
519
520
516
513
508
507
503
508
508
512
510
512
510
512
510
510
510
510
510
509
508
507
506
507
510
508
510
508
509
506
507
504
505
503
505
501
503
500
502
498
499
497
500
498
501
500
505
506
511
512
515
515
521
522
524
523
526
525
527
526
523
520
519
517
516
515
515
515
514
518
516
518
518
519
516
518
515
517
514
513
508
509
506
507
505
511
512
515
514
517
514
516
511
511
508
509
506
508
505
506
503
506
503
501
500
499
499
499
497
497
497
497
501
500
504
504
508
510
515
515
517
517
522
523
527
525
528
525
527
524
526
524
525
522
523
519
520
517
518
515
516
513
515
513
515
511
511
508
509
511
513
513
514
515
515
519
518
519
516
516
512
514
512
515
514
516
513
513
508
508
504
505
501
502
499
500
498
499
496
500
498
503
503
508
508
513
514
518
519
525
525
525
523
523
523
522
523
524
528
527
528
527
527
524
527
523
524
522
522
518
519
516
517
510
507
507
512
512
516
515
518
514
515
513
514
510
511
507
509
506
508
505
506
504
501
500
499
498
497
496
496
499
499
503
502
506
507
513
515
518
518
523
523
527
525
528
526
527
526
529
527
528
526
526
523
525
521
522
519
521
517
514
506
509
509
511
509
508
508
507
507
506
510
508
511
509
510
508
508
506
506
503
503
499
499
496
497
494
496
494
496
495
497
495
497
496
500
499
504
504
509
510
515
516
519
516
520
519
519
519
519
519
519
519
519
522
521
522
520
521
519
520
517
518
515
517
514
514
509
510
506
507
506
508
506
509
507
510
509
511
507
509
506
508
506
507
504
506
502
499
497
496
496
496
496
496
496
495
499
497
498
496
498
497
499
499
501
501
506
506
510
511
513
512
515
512
515
514
517
515
517
515
518
516
519
517
519
517
519
516
518
515
513
513
516
513
511
507
502
502
501
506
505
508
507
508
507
507
504
505
502
503
500
501
497
498
496
498
496
497
495
498
495
499
496
499
495
499
500
505
505
510
509
511
509
512
511
514
514
515
514
514
513
513
517
515
518
516
517
514
514
510
511
507
508
503
506
505
507
506
509
506
508
506
507
505
507
505
505
502
504
502
504
502
504
502
504
501
499
497
496
494
494
493
492
493
493
496
494
498
499
503
502
506
507
510
512
516
517
523
523
526
524
526
523
524
521
520
517
518
514
515
512
514
511
513
510
512
510
511
505
506
503
505
502
502
505
507
509
510
513
512
515
513
512
510
513
510
512
507
508
504
505
502
504
501
502
499
500
498
499
496
499
496
498
497
500
499
503
503
506
505
509
510
512
514
514
514
517
519
520
521
521
524
523
524
521
521
519
520
516
516
512
511
507
508
503
507
506
510
509
513
511
514
512
515
513
514
511
512
509
509
506
508
505
508
504
503
503
502
501
501
502
501
501
500
504
504
507
507
511
511
515
515
520
520
525
523
526
525
527
524
524
522
523
519
521
519
521
518
520
516
518
515
515
510
511
507
512
511
511
512
512
512
512
513
512
512
511
514
513
515
512
513
510
512
507
509
508
509
505
507
506
508
506
509
505
506
505
507
506
511
511
515
514
519
518
524
523
526
524
527
524
521
520
519
520
519
520
521
522
521
526
525
526
524
524
521
522
518
520
514
514
511
515
514
516
514
516
513
513
510
511
508
511
508
510
507
509
507
509
506
508
506
508
506
504
504
506
508
510
512
515
518
521
524
522
525
525
526
525
528
527
529
528
530
529
530
527
528
525
527
523
523
520
521
518
520
519
520
519
519
517
519
516
521
521
524
522
519
516
514
512
511
510
509
512
510
512
509
511
510
513
511
515
514
518
518
519
519
525
523
527
527
530
529
532
529
532
530
532
530
531
528
530
526
527
521
521
516
516
516
516
517
517
516
517
517
516
518
517
518
515
517
514
515
512
513
510
511
508
509
506
507
504
506
504
508
507
511
511
517
517
523
524
526
525
531
531
533
531
534
531
530
528
527
525
525
525
523
522
522
525
522
523
520
521
520
518
514
518
516
518
516
516
513
514
510
510
507
509
507
508
506
508
505
506
503
505
503
506
505
509
510
516
517
519
519
522
525
524
527
530
533
535
536
535
539
537
539
536
536
533
533
529
530
527
529
525
526
520
520
516
517
514
515
514
519
518
522
519
521
519
520
517
519
515
515
511
508
507
505
505
506
508
511
515
517
525
528
532
532
535
536
539
539
543
541
544
542
544
541
542
539
540
536
537
533
534
530
531
528
529
527
527
529
535
534
535
531
529
525
522
520
517
517
513
511
511
510
510
513
509
510
504
505
504
509
512
519
522
528
530
536
538
545
547
552
552
556
555
557
554
556
553
555
552
552
547
545
540
539
532
530
525
524
524
522
522
520
520
520
520
519
523
520
523
520
520
517
517
513
514
509
509
504
505
502
503
500
503
503
509
513
520
525
535
541
548
551
558
559
563
561
563
561
562
556
549
544
540
536
534
532
529
528
525
528
524
527
525
526
524
527
524
526
524
524
521
523
519
520
516
517
515
517
514
515
511
515
514
517
513
514
512
514
514
520
523
531
536
541
544
553
556
559
562
562
562
563
567
563
565
561
560
554
551
546
544
538
536
534
536
534
534
529
530
526
526
522
522
518
519
515
516
511
512
509
509
505
504
501
503
501
501
497
497
494
491
490
487
488
491
498
503
513
522
534
541
551
556
564
565
568
566
568
563
562
557
556
549
547
541
538
532
530
525
521
514
513
510
513
512
515
514
518
515
518
517
518
515
513
509
507
506
505
502
501
504
502
502
498
499
497
497
495
498
498
503
507
515
521
530
535
543
544
549
549
552
550
551
547
547
541
540
538
540
538
538
533
532
524
523
516
511
507
505
504
504
503
502
506
503
501
500
501
499
498
496
498
496
497
493
494
491
492
488
488
485
488
485
488
489
495
499
508
512
522
527
536
538
544
546
548
546
546
542
542
536
531
527
522
517
513
508
505
503
501
503
500
501
498
502
500
502
501
504
501
502
497
498
495
496
492
493
491
493
490
490
487
488
485
486
484
486
484
488
489
495
498
506
509
516
518
521
524
526
526
525
524
523
521
519
519
515
514
507
506
502
502
497
497
494
495
492
493
491
493
491
493
491
493
490
492
490
491
489
491
488
489
486
487
483
484
481
483
479
480
476
477
477
477
480
483
486
492
496
500
508
512
516
516
519
515
516
514
515
511
512
508
508
503
502
498
499
495
495
491
493
490
492
490
491
489
491
489
490
488
490
487
489
486
489
486
484
482
481
480
480
479
479
482
482
483
484
491
492
498
500
506
507
510
512
513
510
514
513
515
513
513
509
508
504
504
499
500
496
498
495
496
493
493
491
493
490
492
490
493
491
489
487
486
485
485
484
484
485
486
490
488
491
491
494
490
492
490
492
491
494
492
497
497
500
498
502
502
505
503
506
505
506
504
506
503
504
502
502
499
500
497
497
496
497
499
499
499
499
498
499
500
500
501
498
502
500
502
499
499
495
496
493
493
489
492
489
490
488
488
486
489
487
489
487
492
492
497
497
500
500
502
500
506
506
511
509
508
507
506
506
505
504
504
503
502
504
501
501
496
496
494
499
499
501
500
502
498
500
497
498
496
497
492
495
493
495
492
495
492
494
492
493
490
493
490
492
490
493
492
492
492
492
495
498
502
503
503
504
507
506
509
506
508
507
508
506
508
506
508
506
508
505
507
504
506
502
508
509
513
511
510
506
506
502
503
500
505
504
507
506
503
502
501
499
497
496
497
500
500
502
499
501
499
501
498
500
498
501
500
502
502
505
506
512
513
517
517
521
519
521
518
521
518
519
515
517
514
516
513
512
507
506
501
506
507
507
508
508
508
508
512
513
511
511
514
513
515
512
512
508
510
507
507
503
505
502
504
501
503
499
502
499
502
499
502
500
502
500
502
499
501
499
501
497
499
497
496
496
498
499
503
506
510
514
514
518
518
521
520
524
523
526
524
527
526
528
525
526
524
526
522
523
521
524
520
521
518
520
518
520
517
519
515
517
516
517
515
517
515
513
512
512
515
516
517
517
519
517
517
513
513
510
509
506
507
503
504
500
501
498
500
498
498
497
500
497
500
497
501
499
502
500
505
506
511
511
515
514
518
518
522
522
524
525
526
527
530
536
536
539
538
540
537
539
536
536
532
532
528
528
524
524
519
522
519
522
518
520
518
521
518
519
517
520
518
520
518
520
517
519
515
515
512
513
510
512
512
513
512
512
515
512
513
509
509
505
505
502
503
501
504
503
509
511
519
520
528
530
532
532
536
537
541
540
544
543
548
547
550
549
551
548
548
543
541
536
536
532
528
526
524
523
522
522
523
525
524
526
523
524
521
522
518
519
515
512
510
515
512
514
512
514
508
509
507
507
503
505
503
505
502
504
502
503
501
503
500
501
498
500
497
496
495
494
496
499
505
512
516
521
529
533
540
542
547
547
550
549
551
549
550
547
548
544
545
541
540
535
534
528
528
524
524
520
521
517
519
516
518
516
518
515
517
514
515
512
511
511
511
510
509
507
506
504
503
506
505
506
504
506
504
504
501
501
497
497
493
493
488
490
487
488
485
488
486
489
488
492
493
498
499
506
508
514
514
520
521
527
528
529
531
532
533
533
533
533
532
531
534
531
531
527
528
524
524
519
518
514
514
510
512
510
516
516
519
517
518
515
515
510
511
506
506
502
500
497
499
496
498
496
499
496
494
492
490
489
488
488
488
489
489
493
492
495
492
494
493
496
496
501
502
508
511
515
514
519
519
523
523
527
526
529
527
528
525
526
524
524
520
520
515
516
511
515
514
513
512
511
510
507
507
508
508
507
511
508
509
505
505
501
501
498
498
495
495
492
493
490
492
489
490
487
489
487
488
487
489
486
489
487
489
487
490
488
491
489
493
493
494
496
499
503
506
510
512
512
513
517
517
520
518
519
517
518
514
514
510
516
516
519
516
518
513
514
509
510
505
506
502
503
500
501
498
499
497
499
496
499
496
