Serial Number - 36 
Age - 21
Medical Condition - Post Lunch (Using Phone)
Time of Day - 5:02PM
BP - 108/71


0

525
520
515
512
509
507
509
511
510
511
511
509
508
506
504
502
0
510
473
449
429
420
413
416
416
421
427
434
444
452
459
466
475
480
485
487
491
491
492
490
493
493
498
499
507
513
522
527
535
539
546
547
551
551
555
552
553
551
552
548
546
542
543
538
536
529
527
522
516
511
508
506
503
502
502
502
500
504
501
503
501
502
499
500
497
497
493
494
491
492
489
491
490
491
489
489
486
489
485
487
484
490
491
494
492
495
491
491
488
489
487
485
486
489
494
501
507
513
521
529
541
546
555
557
561
560
561
556
556
549
548
543
541
536
533
525
523
516
513
507
507
504
504
502
507
506
510
509
511
508
509
506
507
503
500
496
493
491
489
488
487
486
486
489
487
489
488
490
488
489
486
488
486
487
484
486
482
483
481
484
484
490
494
504
511
524
531
542
548
555
556
561
559
561
558
557
550
547
541
540
535
531
527
522
518
515
512
511
515
515
517
515
516
512
512
508
508
505
506
500
498
495
497
495
495
492
494
492
495
493
494
489
490
487
489
486
488
486
487
485
486
482
483
481
482
480
478
478
478
481
485
491
501
511
522
536
545
555
560
567
566
569
564
559
552
551
545
545
540
540
536
537
531
528
523
522
517
516
510
514
512
515
513
514
510
512
507
508
506
502
499
496
495
494
493
491
491
491
494
492
495
493
495
493
494
491
491
489
489
486
485
481
483
481
482
479
482
480
484
486
495
501
512
517
526
531
540
547
553
555
559
559
557
555
555
553
552
550
547
545
543
542
538
536
530
528
521
519
512
510
509
512
510
512
508
510
507
507
503
502
497
498
494
495
492
493
490
492
489
490
487
489
487
489
486
489
486
483
482
480
479
479
479
479
479
478
480
479
483
481
485
487
493
497
508
514
522
529
538
543
552
556
561
561
565
563
564
560
562
559
559
553
552
546
544
536
534
528
525
519
517
511
514
512
509
507
504
502
501
502
501
504
502
505
502
502
499
500
498
497
494
495
492
493
490
490
487
489
486
488
486
488
485
488
483
485
483
485
482
484
482
485
484
489
493
501
508
518
524
529
536
541
546
551
554
556
556
557
560
557
558
553
554
549
548
541
537
530
527
520
518
511
514
512
513
511
513
510
511
507
507
504
506
501
502
498
500
496
495
493
495
492
491
489
488
488
487
487
488
488
489
489
489
493
492
494
492
494
491
491
487
488
488
492
493
500
505
515
519
529
534
543
547
552
553
556
555
558
556
555
552
553
549
548
543
540
533
528
523
517
512
512
512
511
512
511
514
513
515
511
512
510
511
506
507
502
502
499
499
496
496
493
494
490
492
490
492
488
489
487
489
486
488
485
487
485
487
484
487
485
484
485
488
492
499
508
518
524
532
540
546
557
559
565
566
568
565
565
562
562
558
556
549
547
540
536
530
528
523
521
514
513
511
514
512
514
513
515
511
512
506
507
504
504
500
500
497
498
495
492
490
488
487
486
489
489
490
490
491
490
492
490
492
487
488
486
486
484
485
482
484
483
488
489
497
503
515
520
528
534
545
550
556
557
562
561
564
560
561
559
560
556
551
549
545
541
537
531
526
523
519
518
514
514
512
517
519
522
521
521
518
518
515
514
509
507
502
502
497
496
491
491
486
487
485
486
483
486
484
486
484
486
485
488
485
483
481
481
480
481
482
484
483
484
489
492
498
500
509
515
522
524
531
535
542
545
550
551
557
556
559
557
560
557
557
553
553
549
547
540
538
531
527
519
515
515
519
517
516
514
512
510
508
506
504
501
499
498
496
498
496
497
495
496
493
494
490
489
485
487
483
485
482
485
481
483
482
483
481
484
482
483
481
484
482
483
481
483
482
483
482
483
483
485
488
496
506
514
519
525
530
535
545
547
553
554
557
556
556
552
553
549
548
543
542
536
534
525
523
516
515
510
513
511
513
511
513
510
509
505
507
504
503
500
501
497
494
489
487
487
487
486
485
486
486
489
489
490
489
492
490
491
489
491
489
489
486
488
487
488
484
486
484
485
483
486
487
493
497
507
514
522
527
534
538
546
547
551
550
554
551
549
548
546
544
543
541
538
535
531
530
525
523
518
517
512
513
511
514
513
515
512
513
509
509
504
504
500
500
496
496
491
493
490
491
488
490
488
489
487
487
485
487
484
486
484
482
479
479
480
480
479
479
484
483
486
487
488
489
497
500
510
515
524
529
539
542
549
551
556
554
557
555
556
553
553
549
550
546
544
539
537
530
527
519
517
511
514
511
513
510
509
507
506
504
503
500
499
499
498
501
499
502
499
500
497
498
495
495
491
492
488
489
486
488
485
486
483
485
483
484
481
482
480
482
481
483
480
482
479
483
485
491
495
506
512
518
524
531
539
545
550
553
555
557
561
559
561
558
559
555
553
548
547
540
537
528
525
518
515
509
512
510
512
511
513
509
510
507
508
504
502
498
498
494
495
493
494
491
488
486
485
484
483
483
483
483
484
488
488
491
489
491
488
490
486
488
485
486
483
485
482
483
481
482
480
483
484
491
495
505
512
521
526
535
540
548
551
556
554
557
556
557
553
552
550
548
546
543
541
537
532
527
526
520
519
514
512
511
514
512
513
510
511
507
508
505
506
502
504
500
500
496
496
492
493
490
492
488
489
488
489
487
487
485
487
485
483
481
481
481
481
481
481
481
481
484
484
486
485
487
486
490
490
497
501
511
515
524
529
535
540
546
548
553
553
555
552
553
550
549
546
546
542
542
536
534
527
525
518
516
511
514
512
511
509
508
506
505
502
503
505
504
506
504
505
502
503
499
501
498
498
495
496
492
493
489
490
488
489
486
488
485
488
487
489
487
489
487
489
486
487
484
487
489
496
500
507
516
521
528
534
540
547
551
553
558
559
562
560
560
556
557
553
551
545
543
537
534
527
525
518
516
510
514
513
516
514
516
513
514
510
511
505
505
501
501
498
500
497
498
494
491
490
488
487
487
487
488
488
488
492
491
494
491
493
491
493
490
491
489
491
490
495
498
506
512
521
525
535
539
548
549
555
556
560
560
563
561
563
559
560
556
554
548
545
539
533
527
520
516
513
511
513
513
514
519
518
519
517
517
514
514
510
508
504
504
499
500
497
497
495
496
493
494
491
492
489
489
486
488
484
487
486
489
487
490
488
489
487
484
482
481
482
485
489
496
505
515
525
532
545
551
559
561
567
566
569
566
567
563
564
560
559
553
552
546
544
537
535
528
526
519
519
515
515
511
516
516
519
517
519
515
515
511
507
504
501
499
498
495
494
497
495
496
494
494
490
491
489
491
489
491
488
489
486
488
486
487
485
487
484
486
485
487
485
488
489
495
499
509
515
523
528
537
542
551
554
560
560
559
559
558
556
555
554
553
554
550
549
543
541
534
532
525
523
517
516
512
515
514
517
515
517
513
513
509
509
504
504
500
501
498
499
496
497
493
494
490
492
489
491
488
490
488
486
484
483
483
482
482
482
483
485
488
488
492
492
495
495
501
504
513
515
522
526
535
539
546
548
553
553
557
555
557
554
556
552
552
547
545
539
536
530
528
522
519
512
510
509
509
508
507
507
507
506
506
508
506
507
504
505
502
502
498
499
495
496
493
494
492
493
489
490
486
487
486
488
487
489
487
489
487
489
487
488
485
487
484
485
484
488
489
492
500
509
516
522
529
535
540
545
552
554
558
557
560
558
560
556
556
551
550
543
541
534
530
523
520
514
512
510
512
510
513
510
510
507
508
505
505
502
502
499
501
498
495
493
491
490
489
488
487
486
486
490
489
492
491
492
489
490
487
489
485
487
485
488
485
487
484
485
483
485
484
489
492
501
508
518
522
531
536
544
548
553
554
557
555
557
555
557
553
550
546
544
540
537
534
531
528
523
521
516
516
511
515
514
516
514
516
512
512
508
507
503
503
498
498
494
495
491
490
488
489
487
488
486
487
485
486
484
486
484
486
483
485
482
481
479
479
479
479
480
480
480
481
485
485
490
491
498
501
511
516
523
527
536
541
549
550
555
555
558
556
558
555
556
553
554
549
548
543
541
533
531
524
522
515
514
510
510
509
508
507
506
505
503
502
501
503
502
503
501
502
498
498
495
496
494
494
491
492
488
489
486
487
484
484
481
484
482
485
483
485
482
484
481
483
481
484
481
483
481
484
483
484
488
494
501
509
516
523
529
535
544
548
554
556
559
557
557
553
554
550
549
544
542
535
533
527
525
518
516
510
513
511
514
512
513
509
511
508
509
504
503
500
502
499
499
497
498
495
492
490
489
488
487
485
484
489
489
492
490
493
490
491
488
489
486
488
485
486
483
485
483
486
486
491
494
502
510
518
522
531
536
543
546
552
552
555
553
554
550
552
547
544
541
538
534
531
527
522
522
518
517
513
512
511
515
514
516
513
514
510
510
506
506
501
501
497
497
493
495
490
492
489
490
489
490
488
490
488
490
488
489
487
488
486
488
485
483
482
481
482
484
488
493
499
508
518
525
535
539
547
550
556
557
560
559
560
557
558
554
555
551
550
544
542
535
532
525
523
516
515
510
513
512
514
512
514
511
511
507
507
503
499
496
495
493
492
492
492
492
492
497
496
498
495
495
492
493
489
491
487
488
486
488
485
486
485
486
483
486
485
489
491
499
505
515
520
529
535
545
549
556
558
562
560
563
560
561
557
553
549
546
544
540
540
536
534
527
524
518
516
511
515
514
517
514
516
512
512
508
509
504
504
501
501
497
498
496
497
494
495
491
492
487
488
485
486
484
485
483
486
484
482
481
481
481
481
482
482
486
487
492
493
501
506
515
519
527
533
543
549
555
557
562
562
564
562
563
560
560
555
555
550
548
541
537
530
527
521
518
512
514
512
514
512
514
511
508
505
503
501
499
498
497
495
494
496
494
497
494
496
492
492
490
491
489
489
486
487
484
485
483
486
483
485
482
485
483
486
484
487
485
489
489
496
500
511
515
521
526
531
537
542
547
550
552
552
553
554
556
555
557
554
554
550
547
541
537
529
526
519
517
511
514
512
514
511
513
510
511
507
507
503
504
500
499
495
496
493
494
490
491
488
490
488
485
484
483
483
483
484
485
489
488
491
489
492
490
491
489
491
490
493
494
501
505
515
518
527
531
540
543
549
551
554
554
556
553
555
551
552
548
547
542
540
534
531
525
518
513
510
510
510
510
511
510
508
512
511
513
510
510
507
507
503
504
500
500
496
496
493
494
491
492
488
490
487
489
486
488
486
487
485
487
485
487
485
488
489
494
498
503
511
521
526
531
537
543
548
552
554
556
560
561
562
560
560
556
556
551
550
543
540
531
527
520
518
513
511
510
513
511
514
511
511
509
509
506
507
503
503
499
499
496
497
493
493
490
487
485
484
483
483
484
484
489
490
493
492
493
491
493
490
490
487
489
488
491
493
501
506
516
520
530
535
544
547
554
555
558
558
561
558
559
556
557
553
552
546
544
538
535
528
521
516
511
511
511
515
513
512
508
511
507
508
505
506
502
502
499
499
495
496
492
493
489
491
488
489
486
488
486
488
485
486
484
486
483
484
481
483
481
483
480
483
481
484
484
485
488
495
503
513
520
527
534
541
550
553
559
559
561
560
561
558
558
553
552
545
543
536
532
526
523
516
514
510
513
511
512
509
510
505
506
502
503
499
499
495
496
493
490
488
486
484
483
482
483
482
482
486
486
488
486
486
485
487
485
487
484
485
483
485
482
484
481
483
481
484
484
489
491
500
506
517
520
529
533
541
544
549
549
552
550
552
549
549
546
541
538
535
531
527
523
519
518
515
514
511
513
512
513
510
511
508
508
505
505
500
500
497
497
494
495
492
492
489
491
488
490
488
490
488
489
487
488
485
486
483
485
482
483
481
479
478
479
480
484
490
497
506
515
524
529
538
542
549
550
554
553
555
552
553
549
549
545
544
539
538
530
526
519
516
511
514
512
512
509
510
508
509
507
508
505
505
502
498
496
494
492
491
490
489
488
489
491
490
493
491
493
490
491
488
489
486
487
484
485
482
485
485
491
495
505
511
520
524
533
537
545
548
552
552
554
551
554
551
552
548
549
545
541
536
531
527
522
518
514
511
512
516
516
519
517
517
514
514
510
510
505
505
501
501
497
497
493
494
490
491
488
488
485
487
484
487
485
487
484
486
484
486
485
486
483
486
486
491
495
501
510
519
524
531
538
544
553
558
562
563
566
563
564
561
561
557
556
551
548
541
538
530
526
519
517
511
513
512
514
511
513
509
510
506
507
503
504
500
501
496
497
493
490
488
487
485
485
484
484
488
488
490
490
493
491
493
490
492
489
490
487
488
486
490
491
499
504
513
517
526
531
540
545
552
553
558
558
561
559
561
558
559
555
555
550
549
543
536
530
524
518
513
513
511
511
512
515
513
514
511
512
508
509
505
505
501
502
498
499
496
497
493
494
490
491
488
489
487
488
486
488
485
487
483
484
482
484
483
486
484
482
481
481
482
483
487
492
498
507
519
525
536
542
551
555
561
562
566
564
565
562
563
559
559
555
554
548
546
540
537
530
527
520
517
511
514
513
515
513
515
512
513
509
505
501
499
496
493
491
490
489
489
492
490
493
491
494
491
491
489
489
487
488
486
487
485
487
484
486
483
485
482
484
482
484
481
483
480
482
480
482
482
488
491
501
509
519
524
529
534
541
546
550
552
553
554
554
558
556
558
555
555
551
549
543
540
532
528
521
518
511
513
510
511
509
510
507
508
504
504
500
500
496
497
493
495
492
493
490
492
490
487
485
483
482
482
482
482
481
482
486
485
488
488
489
487
489
487
489
486
487
485
486
482
484
481
484
482
487
489
497
502
513
516
523
528
537
540
547
548
552
551
554
552
553
549
549
544
539
534
529
524
519
515
511
515
515
517
516
516
514
515
513
513
509
509
504
503
499
498
494
495
492
493
490
491
488
489
487
488
486
488
485
487
486
487
484
487
484
485
484
482
481
479
479
479
479
482
489
496
506
514
523
528
538
543
550
551
555
554
556
553
553
548
548
543
543
538
537
531
529
523
521
516
515
512
515
513
515
513
514
510
511
507
503
500
498
496
494
493
492
492
492
493
492
494
491
492
489
491
488
490
486
487
485
486
484
485
483
485
483
485
484
489
490
499
505
516
524
536
542
551
555
561
560
563
560
558
550
544
538
534
530
528
526
524
522
520
520
516
516
512
512
511
515
513
515
512
513
509
509
505
505
501
501
497
497
494
494
490
491
488
490
486
487
484
486
484
486
483
485
483
482
481
480
480
480
482
482
484
487
491
497
508
516
528
536
548
554
561
562
566
561
559
553
552
547
547
543
542
538
538
533
533
527
526
521
519
513
512
511
515
513
515
512
513
510
506
503
501
500
498
497
496
495
495
498
496
497
494
494
491
491
487
488
485
485
481
482
480
481
479
481
480
482
480
482
480
483
482
486
489
497
504
515
519
528
533
544
549
557
558
562
561
559
557
555
553
551
552
550
549
543
541
535
533
526
525
519
519
514
514
511
520
521
522
519
520
515
514
509
508
501
499
492
491
486
486
482
483
480
481
479
476
475
478
478
477
477
477
477
477
482
481
484
484
486
485
486
483
485
484
489
491
499
505
518
522
528
530
537
540
546
547
551
550
553
550
552
549
550
547
546
542
540
534
531
525
520
516
515
514
513
513
512
512
510
513
511
510
507
506
503
503
499
499
495
496
492
492
490
491
488
489
485
487
485
487
485
487
485
487
485
487
484
486
482
484
482
484
483
489
492
497
504
513
524
534
543
551
557
559
556
552
552
548
549
545
546
542
543
538
537
531
530
525
523
517
515
511
516
516
519
517
519
516
516
512
512
509
509
504
504
498
498
493
493
490
488
485
484
483
483
484
485
485
485
490
488
492
490
492
489
491
489
490
487
489
488
493
496
506
513
525
535
546
548
552
552
555
553
554
551
553
550
551
548
550
546
546
541
536
530
526
521
517
512
512
514
516
517
518
522
520
522
518
518
513
513
508
507
504
503
499
499
496
497
493
494
491
493
490
492
489
490
488
490
487
489
487
488
486
487
485
487
485
486
488
494
501
510
517
524
531
538
548
552
559
560
565
565
567
564
565
560
560
555
555
550
546
539
536
528
526
520
519
514
514
512
516
515
518
516
517
513
514
509
510
506
507
502
501
498
494
491
489
488
487
487
487
490
489
491
490
491
489
491
489
492
489
491
488
489
487
488
486
488
486
489
491
498
502
513
518
526
533
542
548
555
557
562
561
565
562
564
560
558
555
552
550
547
542
538
537
531
529
523
519
513
512
511
515
514
516
514
515
511
511
507
506
502
503
499
500
497
497
493
494
491
491
489
490
487
489
486
488
484
486
483
485
483
481
480
480
480
480
480
481
481
482
486
485
488
486
489
490
496
501
510
515
524
529
538
543
551
553
558
557
559
557
559
556
557
554
553
549
548
544
541
535
532
525
523
517
516
511
510
510
511
509
509
508
507
505
504
505
502
502
499
501
498
498
495
496
493
494
490
492
489
490
487
488
484
486
485
487
485
487
485
487
484
485
482
484
482
484
482
485
482
481
480
480
483
487
494
503
513
520
530
538
548
553
559
560
563
561
562
559
559
555
555
551
550
544
542
537
534
528
525
518
517
511
515
513
516
514
515
511
512
506
506
503
504
499
499
495
492
490
488
487
486
490
489
492
491
493
491
492
489
490
487
488
485
487
484
485
483
485
483
485
483
485
482
484
482
484
481
482
480
483
484
490
494
505
512
522
526
537
541
546
549
552
554
554
554
554
556
555
555
552
551
545
543
537
534
526
524
516
513
511
514
513
515
514
516
513
514
511
511
505
505
501
501
498
498
495
496
493
494
491
492
489
490
487
485
483
482
481
481
486
485
485
485
488
487
489
487
489
486
487
485
486
484
487
487
492
494
503
508
517
520
529
533
541
543
549
549
552
551
552
549
549
545
545
541
541
536
531
526
521
516
512
512
513
513
514
516
514
517
514
515
510
510
506
505
502
502
497
498
495
496
493
494
491
492
487
488
484
486
484
486
483
485
482
483
482
484
482
484
483
481
480
479
479
479
480
482
485
491
501
508
518
523
532
537
545
549
554
554
557
554
556
553
554
550
551
546
545
539
538
532
530
524
521
515
514
