Serial Number - 38
Age - 23
Medical Condition - Post Lunch
Time of Day - 5:08PM
BP - 138/90



0


5
504
502
502
501
501
501
501
501
501
501
502
502
502
502
502
502
501
500
500
499
500
500
501
502
503
5
504
502
502
501
501
501
501
501
501
501
502
502
502
502
502
502
501
500
500
499
500
500
501
502
503
503
0
535
496
466
446
438
432
435
435
443
448
459
467
476
480
487
490
497
499
504
505
509
507
509
508
509
505
507
504
505
502
504
502
503
501
503
501
504
502
501
499
498
498
497
497
498
498
499
503
504
508
508
513
514
520
522
527
527
527
524
526
524
526
524
527
525
528
526
529
528
530
528
529
525
526
522
523
520
522
519
521
516
518
515
512
512
515
517
518
519
518
517
515
518
516
517
514
515
511
511
507
508
504
505
502
504
501
504
501
503
501
504
500
502
500
503
501
504
501
504
502
504
501
503
501
502
500
502
500
502
500
497
495
493
492
493
494
496
503
507
513
512
516
516
520
520
524
523
528
526
530
529
533
532
536
534
537
534
536
533
533
526
527
521
521
517
518
515
516
513
514
511
515
513
516
518
520
520
519
518
516
519
517
517
513
514
509
509
506
507
503
505
502
503
501
503
501
503
500
502
500
503
502
505
502
505
504
507
504
506
503
503
500
502
500
502
500
497
496
495
495
495
494
495
499
501
504
504
507
506
509
509
514
515
520
523
528
528
532
533
535
530
530
525
525
523
526
523
528
526
530
529
533
530
532
529
529
524
524
521
522
519
515
513
512
514
516
517
516
519
518
519
516
518
514
515
511
511
508
509
506
507
504
505
503
505
502
503
500
502
498
500
498
501
499
501
499
502
501
503
500
502
501
504
501
497
497
496
496
495
495
496
497
498
502
502
506
505
508
506
508
505
507
504
506
502
504
502
504
504
509
511
514
513
517
517
522
522
528
527
532
531
535
534
537
535
537
535
532
530
529
527
525
523
521
519
519
517
515
518
516
518
516
518
517
519
515
515
512
514
512
513
512
515
516
520
518
519
516
516
512
512
507
508
503
503
499
500
497
500
497
496
494
494
494
495
496
497
497
499
505
505
509
507
510
508
509
505
506
503
504
499
501
498
502
499
501
499
502
500
502
500
502
499
502
499
502
501
503
502
504
501
503
502
507
507
508
509
514
518
523
527
531
534
536
541
540
543
535
533
530
531
528
531
528
531
528
530
527
528
525
526
522
523
520
522
519
521
518
519
515
517
513
514
511
514
513
517
515
518
515
515
511
509
507
504
502
501
501
500
504
503
506
506
507
504
507
505
506
504
504
502
504
501
503
501
503
500
501
499
502
500
501
499
502
500
502
500
503
500
502
500
503
501
504
500
503
501
499
497
496
497
497
499
500
504
508
513
513
519
521
526
528
533
534
536
535
538
536
539
536
538
535
536
533
534
531
532
528
528
524
524
519
519
515
516
514
516
512
515
512
512
514
515
516
516
517
518
518
518
518
515
517
514
515
512
513
510
510
506
507
504
505
503
505
501
501
499
500
498
502
501
506
506
509
508
511
509
510
507
509
506
508
505
502
501
500
499
499
500
500
500
501
506
506
512
513
516
515
522
523
528
529
534
534
536
535
538
537
538
535
537
535
537
533
534
531
531
527
528
525
524
520
519
516
517
507
504
503
504
504
503
503
504
505
507
511
510
514
512
515
510
511
508
509
506
507
504
507
503
506
504
507
504
507
505
507
505
506
504
507
505
507
504
506
503
506
502
504
503
506
502
501
500
499
499
497
497
498
500
501
508
511
519
522
532
534
540
541
546
546
550
546
542
534
532
526
527
524
526
524
527
526
528
526
527
522
523
521
524
521
523
520
522
520
518
516
514
514
513
513
514
521
526
529
529
532
530
531
527
525
520
519
513
512
507
506
501
500
495
496
494
495
492
495
494
495
491
493
492
493
492
495
494
498
498
501
500
499
497
496
496
496
496
495
495
495
500
499
504
503
505
505
510
511
517
518
523
524
528
528
533
532
535
534
536
534
537
534
536
533
534
529
523
514
511
510
514
514
517
516
518
516
518
514
512
511
511
511
512
514
516
521
520
522
520
521
516
517
513
514
508
508
505
506
501
503
501
504
502
503
500
502
499
502
502
506
504
507
505
508
506
509
506
508
505
507
504
505
502
500
497
494
493
494
495
496
499
501
507
509
513
512
517
517
523
524
529
529
534
534
538
538
539
535
536
533
534
531
532
530
533
531
534
532
535
533
535
532
534
530
530
527
524
522
520
519
519
519
519
518
518
521
519
522
520
521
518
518
515
515
510
511
507
509
505
506
504
507
505
506
504
509
511
516
515
519
516
517
512
511
507
508
506
508
504
503
501
500
499
499
499
499
499
500
503
501
505
504
507
505
507
505
507
504
507
505
507
505
508
505
508
505
507
505
508
508
513
514
517
514
522
525
533
535
540
540
544
543
545
542
539
536
535
534
534
535
535
537
534
535
531
530
524
517
511
509
509
514
514
519
517
520
516
518
513
514
510
511
507
509
507
508
506
508
505
507
504
506
503
505
502
500
498
497
496
496
497
496
496
497
498
499
504
505
507
506
508
506
507
505
507
503
505
501
503
500
502
497
500
498
499
498
500
499
503
501
503
500
502
501
502
501
506
506
512
511
514
518
524
527
530
531
533
533
534
539
538
540
538
534
528
526
521
522
518
519
516
517
513
514
512
514
512
514
511
514
511
513
511
513
509
511
509
511
508
509
506
511
512
511
511
508
508
508
507
505
504
504
508
506
507
505
507
504
505
503
505
502
504
501
503
501
501
498
500
498
500
497
500
499
502
500
502
500
503
500
501
499
503
502
507
509
514
512
520
522
525
527
529
530
532
534
534
538
537
539
537
536
531
531
526
526
519
519
514
513
509
510
506
508
506
513
514
519
518
520
518
519
515
515
511
512
508
508
505
505
502
502
499
498
497
495
495
495
496
497
501
502
506
506
508
506
507
505
507
504
504
501
502
499
501
497
500
497
499
496
498
495
497
495
498
496
499
497
500
498
500
497
500
496
498
496
495
493
493
493
494
495
495
500
501
506
507
512
513
521
524
531
533
539
541
543
542
544
541
543
539
540
536
537
534
534
530
530
525
525
519
517
512
513
508
509
507
509
507
510
508
507
505
504
504
504
502
504
507
507
509
506
509
506
506
503
506
503
505
501
507
508
513
512
515
513
516
513
514
510
510
506
506
502
503
500
501
498
499
496
498
496
498
495
494
493
492
492
492
493
494
494
495
500
499
503
503
506
505
507
505
507
504
507
504
507
506
511
511
515
512
516
517
522
523
528
528
532
531
534
533
535
533
536
534
536
532
527
523
521
518
516
515
513
512
513
517
515
517
516
518
515
515
513
514
512
516
515
517
516
519
517
517
513
513
508
508
503
504
501
503
500
501
498
500
498
501
499
502
500
498
496
495
495
495
496
495
494
494
499
498
502
500
503
502
505
503
506
503
505
502
502
500
502
498
500
500
504
504
509
510
516
518
523
525
530
530
534
533
536
533
536
532
533
529
526
524
522
520
519
518
514
511
510
515
515
517
516
518
516
518
514
515
513
515
511
513
511
512
509
510
507
509
506
508
505
507
505
506
504
505
503
505
502
504
502
504
502
504
501
502
499
495
494
494
493
494
495
497
502
503
506
506
509
507
510
511
517
519
525
526
531
531
535
534
533
528
527
523
524
522
525
522
524
521
523
520
522
519
518
514
514
511
516
515
514
512
514
514
515
515
515
519
518
518
515
516
511
513
508
509
505
506
503
503
500
499
497
498
496
500
498
502
500
503
500
503
500
503
501
503
501
503
501
502
501
503
500
500
498
497
497
495
495
496
498
498
500
500
505
507
510
512
519
521
527
529
534
535
538
537
541
540
542
540
543
540
541
536
536
531
532
528
528
524
524
520
519
516
517
513
515
512
509
507
505
505
504
504
506
510
512
517
517
520
518
518
515
515
511
510
507
507
503
503
500
503
500
501
499
502
500
500
498
502
499
502
501
504
501
504
500
502
501
503
500
498
497
496
496
495
496
497
497
498
499
500
504
503
506
504
506
504
506
504
506
503
504
501
503
502
505
504
509
509
513
511
519
523
531
533
540
538
542
542
545
542
544
541
543
539
536
534
532
529
526
524
523
521
517
519
516
517
515
515
511
511
507
509
506
507
505
507
504
506
503
509
511
515
514
517
514
515
512
512
508
508
505
506
503
505
499
502
499
498
497
497
497
498
498
499
500
500
505
504
507
506
507
506
507
504
507
503
504
502
504
501
502
500
503
503
508
508
513
512
520
522
529
530
534
535
538
537
535
531
531
528
525
522
521
520
521
521
517
514
512
517
516
519
517
518
516
517
514
516
512
514
512
513
510
511
509
512
512
515
514
517
515
517
514
516
511
512
509
509
506
507
503
504
501
499
496
496
495
494
495
496
496
497
502
501
505
504
506
504
506
503
505
503
505
502
505
504
506
506
512
512
515
514
517
517
521
521
526
527
532
531
535
533
536
533
534
531
533
530
531
526
522
518
514
511
513
515
517
519
518
519
517
518
515
520
520
523
520
521
516
515
511
511
506
507
503
503
499
499
495
498
495
498
496
499
497
500
499
501
499
498
497
500
497
497
497
497
497
497
498
499
504
504
505
503
506
503
505
503
505
502
504
501
503
501
503
500
502
500
502
499
501
499
502
501
505
505
511
513
516
515
519
520
526
526
531
531
531
531
532
533
533
533
533
537
537
540
537
538
535
536
530
529
525
523
519
519
515
516
513
512
512
518
515
518
516
518
514
515
512
514
511
512
509
510
506
507
505
506
504
506
503
500
499
497
497
497
497
497
495
495
500
500
504
503
505
503
504
503
505
502
505
502
502
500
502
500
500
497
500
498
499
497
499
496
499
498
502
499
501
498
502
499
503
504
510
510
512
515
521
523
526
529
532
534
534
540
540
544
542
542
538
536
530
529
524
525
519
520
517
517
512
513
511
518
517
522
521
523
520
520
516
517
512
513
510
511
507
507
504
505
501
503
501
499
497
496
496
497
496
499
504
505
506
505
507
505
508
506
508
505
508
504
504
501
501
499
501
499
500
498
500
497
499
497
501
500
503
502
506
506
511
511
515
512
516
515
516
517
519
520
522
524
525
528
529
532
531
534
532
533
530
531
527
527
523
522
518
519
515
516
512
513
511
514
515
515
513
516
515
518
514
515
510
511
508
507
503
505
502
502
499
497
495
494
495
495
497
496
497
499
503
502
506
505
508
505
507
504
505
502
504
501
503
501
505
504
506
507
513
514
518
516
521
521
524
524
528
527
528
527
530
526
529
528
526
524
521
521
520
518
517
517
515
518
515
518
515
516
514
517
514
516
512
514
512
518
516
519
517
518
513
513
509
508
505
506
502
504
501
503
500
501
499
501
499
501
498
496
496
496
495
495
495
495
495
494
498
497
501
501
504
500
503
502
503
501
504
501
502
500
503
499
501
500
502
500
502
498
502
503
508
509
516
519
526
526
533
533
537
537
540
539
535
530
527
525
522
522
523
524
524
529
529
531
529
529
527
527
523
523
520
521
517
518
513
512
511
516
515
518
516
518
515
516
511
511
507
506
503
505
503
505
502
503
501
500
499
498
499
499
499
500
500
500
505
505
507
506
507
504
505
501
503
500
501
497
498
496
497
495
498
494
498
496
500
497
500
499
501
499
501
500
502
500
502
499
502
500
503
504
510
511
513
512
513
515
517
521
524
529
531
535
535
538
537
540
537
540
537
538
534
535
531
531
526
525
520
521
516
517
513
515
512
514
510
516
516
517
516
520
518
521
514
516
512
508
504
501
500
498
498
496
501
501
502
502
505
503
506
503
506
504
507
503
505
503
505
502
502
499
500
497
499
498
500
498
501
498
501
500
501
500
503
501
502
499
501
500
499
499
500
503
506
511
516
524
528
534
535
538
536
539
537
536
533
535
531
530
524
523
519
520
515
516
513
514
511
517
518
522
519
521
519
522
519
521
518
518
514
515
512
512
508
505
502
499
498
498
497
498
498
498
503
500
504
502
505
504
506
504
505
502
505
502
504
502
504
502
504
500
503
501
503
500
502
500
502
500
503
501
506
507
510
511
515
514
515
515
515
514
514
517
521
525
528
531
532
538
538
541
538
539
535
534
528
527
522
522
517
516
511
515
515
518
516
518
514
514
511
512
509
510
507
508
505
507
505
507
504
507
504
501
498
500
498
498
497
496
496
496
500
500
505
504
505
503
505
502
504
502
503
500
502
499
501
499
501
499
501
498
499
497
499
497
498
495
498
494
497
496
499
498
501
500
503
501
504
503
503
505
507
511
514
515
517
524
527
531
530
533
530
533
532
536
532
535
534
536
532
534
531
532
528
528
522
522
518
516
512
514
512
514
512
514
511
516
515
520
519
523
520
517
514
511
509
506
504
503
505
504
505
503
505
502
504
502
504
501
502
499
500
497
500
498
501
500
502
501
504
501
503
500
502
500
502
500
502
499
501
499
500
497
497
494
497
495
494
493
492
491
490
490
493
497
501
509
513
521
523
529
530
536
536
540
537
536
530
530
526
527
522
523
521
523
522
524
521
524
521
522
518
520
518
519
517
519
516
517
515
512
513
515
516
516
516
516
515
513
515
512
513
510
510
507
507
505
505
502
504
502
504
502
504
502
505
502
504
501
504
501
504
500
502
500
501
498
500
498
501
499
502
501
504
503
502
500
499
499
498
499
499
500
500
506
506
511
514
514
513
516
515
520
520
525
525
528
528
530
526
528
525
528
526
529
527
529
527
528
524
524
517
517
512
512
511
515
513
513
514
512
513
513
511
511
511
511
515
513
515
513
513
510
511
508
510
508
510
507
509
507
509
507
509
506
508
504
506
504
505
503
505
503
504
502
502
500
502
499
501
499
497
495
498
497
496
497
498
500
503
507
511
519
524
528
529
531
531
535
533
537
535
538
531
528
524
524
518
517
511
514
513
514
510
513
512
514
511
514
513
518
516
519
517
519
515
515
511
509
505
502
500
499
498
499
498
500
499
500
505
505
508
508
511
514
526
529
532
530
532
527
526
524
529
528
529
526
525
520
519
513
512
505
504
500
501
496
497
494
496
494
497
493
492
492
491
492
493
495
496
497
499
506
509
515
516
521
522
526
525
528
528
531
529
532
531
534
532
534
530
531
529
530
527
528
524
525
520
521
516
517
515
518
517
519
516
513
511
514
516
517
518
518
520
517
518
514
515
511
510
505
504
499
499
497
498
497
498
496
499
498
500
499
503
501
504
503
504
502
500
483
473
463
461
458
462
463
469
472
475
479
482
486
490
494
497
499
501
506
504
508
506
508
506
507
505
506
503
504
502
506
505
510
510
514
512
520
522
528
529
534
533
536
534
537
534
536
533
531
526
526
521
522
519
516
513
511
508
507
511
515
519
519
521
521
524
523
523
520
520
515
514
510
511
507
507
503
504
502
502
499
502
500
503
501
504
501
504
501
503
501
504
501
504
502
499
497
496
495
496
496
496
497
498
503
502
506
504
506
504
505
503
503
500
501
496
494
490
493
493
498
498
502
501
505
504
508
507
512
512
518
519
526
527
531
531
534
533
535
532
527
522
519
517
516
516
516
519
518
520
518
521
519
520
517
518
514
515
512
513
511
512
508
508
506
506
505
511
512
516
515
519
514
514
508
508
504
505
501
502
499
500
498
496
495
495
494
495
496
496
497
499
505
506
