Serial Number - 4
Age - 27
Medical Condition - Post Lunch
Time of Day - 2:04 PM
BP - 120/81


0

527
527
527
525
520
517
515
510
508
505
502
502
502
0
538
503
483
466
460
454
454
455
462
465
476
477
488
492
499
501
505
506
504
507
508
506
505
506
506
505
506
509
506
506
504
505
500
505
501
502
500
501
498
499
496
496
494
499
495
495
493
495
494
496
491
494
494
498
495
495
493
496
495
498
497
498
501
505
510
512
512
519
524
530
536
537
543
542
546
544
537
530
529
524
522
517
517
513
519
516
520
516
520
516
517
516
516
513
517
514
516
513
513
512
514
510
514
511
510
509
506
506
503
504
509
515
515
523
521
525
521
520
518
514
510
507
505
501
499
497
494
495
495
494
494
494
496
498
498
502
496
501
498
500
497
500
497
499
498
498
498
501
497
495
488
491
491
495
496
498
502
504
512
512
520
528
535
538
543
542
546
543
546
542
543
541
543
538
536
531
533
530
532
526
518
510
505
503
510
511
516
518
523
521
519
517
514
513
512
511
508
508
506
507
503
506
507
509
508
510
507
509
506
507
504
502
503
504
499
501
499
500
500
501
500
503
499
503
498
499
496
496
494
496
494
496
496
499
497
499
496
498
496
494
493
493
493
493
492
494
498
500
504
505
510
509
518
519
524
528
534
531
534
531
535
534
537
535
537
528
523
515
511
506
506
506
508
507
511
509
511
508
510
508
508
508
508
507
507
507
509
511
511
511
510
509
510
510
504
507
504
507
501
510
513
517
517
519
516
519
518
519
511
512
505
505
500
502
497
499
494
497
495
494
489
493
491
493
491
489
489
487
486
488
487
489
489
492
496
496
501
500
503
504
507
508
515
516
522
524
530
531
536
536
538
538
538
535
537
535
533
532
535
529
532
529
531
523
525
523
519
507
502
503
503
503
505
506
509
508
507
509
505
506
504
504
502
502
498
498
494
494
489
490
487
489
487
488
484
483
482
485
481
483
486
489
487
490
487
492
492
495
494
498
498
496
496
494
497
498
500
500
502
504
508
504
508
506
510
509
510
507
505
502
502
500
500
499
500
500
504
504
511
511
513
512
519
524
531
534
536
535
539
540
543
540
544
539
542
535
526
517
512
509
509
509
508
507
507
511
511
516
514
518
517
518
514
518
515
519
515
516
512
512
510
511
506
509
508
511
507
510
507
506
506
515
518
522
523
523
517
516
512
507
506
501
497
496
496
497
492
493
497
497
499
502
503
502
503
502
504
500
500
499
501
497
498
497
497
495
497
497
503
504
512
513
516
517
524
524
529
530
533
533
537
532
532
532
530
529
527
526
518
513
508
504
506
516
520
525
527
527
518
521
519
524
521
522
517
517
511
514
510
510
507
506
503
504
501
500
500
499
498
499
499
499
496
498
494
493
492
492
493
494
493
492
493
495
499
500
502
500
504
503
503
498
502
498
499
498
498
494
495
493
493
492
498
493
498
495
497
494
498
495
499
501
507
509
513
512
517
522
531
531
536
536
534
533
532
525
518
514
515
518
516
520
520
524
521
524
522
523
523
524
522
521
519
518
517
518
517
519
516
517
515
515
511
512
509
510
506
510
505
509
506
508
507
510
508
505
502
508
514
518
517
519
525
525
523
518
517
513
514
508
508
503
505
500
498
495
500
498
499
499
501
501
503
502
503
498
503
503
502
500
500
498
501
499
501
499
500
500
498
498
500
504
511
516
515
526
531
538
538
543
543
546
547
548
545
544
539
541
538
538
533
535
530
532
525
524
520
523
517
519
510
513
512
516
517
518
514
515
513
515
514
512
509
509
505
504
507
505
508
505
508
506
509
504
507
505
506
503
504
498
501
498
500
497
499
497
500
499
499
499
500
501
504
502
504
502
505
501
503
503
503
501
503
499
496
495
494
493
495
495
499
505
509
515
519
517
514
515
514
516
516
523
521
526
526
532
531
534
531
531
531
532
528
528
524
526
521
521
514
513
511
521
525
524
524
528
526
527
526
523
521
520
519
517
519
512
513
507
507
504
505
503
504
500
502
500
502
500
504
502
505
502
504
501
503
501
502
500
501
499
501
497
500
499
499
496
500
499
501
500
502
499
497
496
495
494
493
494
495
496
497
503
505
510
512
518
519
526
525
522
517
519
515
516
516
518
519
523
524
529
531
536
530
534
530
531
529
529
526
525
523
521
515
515
512
517
520
520
521
521
523
522
519
516
519
519
518
512
512
508
508
507
507
504
504
505
506
502
503
502
505
503
506
502
502
504
505
502
503
500
504
503
502
497
503
499
503
501
500
501
498
500
498
499
500
500
503
504
503
507
504
505
503
502
499
501
499
501
500
501
499
501
499
503
501
509
509
511
516
524
528
532
533
538
538
542
541
543
542
539
530
529
524
520
517
515
513
512
515
517
518
515
520
521
524
521
522
521
522
521
518
515
516
510
520
524
526
525
530
529
528
523
522
519
517
515
513
508
508
505
507
500
502
499
499
497
495
494
494
495
495
495
497
502
501
504
503
503
500
504
503
504
500
504
501
502
501
499
498
500
497
497
497
497
497
500
498
505
506
513
513
520
521
524
526
530
529
531
530
530
528
527
517
512
511
516
521
523
528
528
531
528
523
520
521
521
520
520
523
517
519
514
517
512
511
508
510
507
509
505
508
503
505
502
502
496
499
499
502
499
502
498
499
497
495
494
494
497
499
500
498
502
502
504
505
507
504
506
502
502
500
501
500
501
499
498
493
497
495
493
490
492
490
494
491
492
490
492
489
493
493
498
500
506
507
512
514
522
523
526
526
530
531
533
535
534
540
538
542
541
543
531
528
521
520
514
514
511
508
506
508
506
510
507
511
508
511
508
512
510
511
512
514
513
516
515
518
517
517
512
515
512
509
505
500
501
504
512
518
519
521
525
523
524
517
518
513
513
509
508
503
504
501
501
498
499
497
500
497
501
498
501
499
502
498
502
501
503
500
502
499
501
499
501
499
498
499
503
504
505
507
511
511
516
520
525
530
531
535
532
536
536
540
536
537
533
535
532
533
529
531
528
528
525
524
521
521
518
511
507
514
513
517
515
518
516
517
515
515
515
511
509
508
506
507
511
511
512
510
511
508
510
507
507
505
507
504
504
504
505
500
500
501
502
500
503
498
499
497
499
497
500
496
500
496
501
497
498
497
502
501
497
497
493
493
494
494
496
500
506
511
507
514
507
517
520
527
527
529
529
531
529
526
515
513
519
526
526
522
523
527
526
527
519
520
517
516
510
507
506
504
503
503
501
499
500
500
501
500
500
505
508
508
507
508
511
510
512
511
512
512
511
508
507
505
507
500
504
502
503
499
499
499
499
498
499
497
498
493
497
493
496
491
497
496
499
497
498
497
495
494
492
491
495
495
495
495
496
501
499
502
500
502
504
505
502
507
508
512
510
519
518
525
526
529
528
531
531
533
533
535
529
532
529
530
519
514
508
508
504
503
502
513
514
519
517
521
524
525
526
524
520
515
519
521
523
521
518
514
515
510
511
507
505
504
507
499
500
497
499
497
500
498
501
499
503
501
501
502
504
504
505
504
504
503
506
503
502
501
500
499
498
499
497
500
501
502
503
505
499
500
498
498
495
500
497
500
498
498
496
497
498
501
502
506
505
508
510
511
511
516
520
525
524
528
527
531
531
534
530
518
511
508
504
509
515
518
522
526
532
532
536
525
519
518
523
523
528
527
526
520
524
520
521
516
519
515
516
514
514
510
509
507
507
507
508
506
508
504
507
502
500
500
500
499
499
503
500
500
501
504
504
509
506
510
507
507
504
506
504
507
505
506
503
501
500
499
495
497
491
494
490
492
489
493
490
493
492
496
497
502
500
509
511
510
515
520
520
522
521
522
525
527
526
528
522
514
512
509
509
505
511
509
513
511
513
512
515
513
514
513
518
516
518
514
518
516
516
514
515
513
513
511
511
507
508
507
509
506
503
503
509
514
514
518
521
521
522
523
518
515
513
512
508
507
502
501
497
498
494
495
490
495
490
494
491
492
491
494
491
493
495
498
496
502
499
501
499
501
498
499
498
499
497
492
491
489
488
490
492
496
502
506
509
513
521
521
525
526
530
530
534
533
533
533
534
534
535
533
534
531
530
527
529
525
523
511
511
512
513
513
516
515
517
513
515
512
515
512
513
508
509
507
508
512
510
512
507
508
508
513
508
509
506
508
504
508
505
506
503
507
504
503
498
502
501
505
500
503
502
502
501
504
501
506
505
505
503
506
505
506
506
501
500
501
500
501
499
501
498
499
504
503
506
504
507
504
507
502
507
507
509
512
516
519
522
524
527
527
532
530
533
533
535
533
535
534
531
519
515
511
509
506
508
507
511
508
507
509
509
510
511
513
516
521
519
524
522
524
521
523
519
520
516
519
511
510
505
508
504
514
518
517
520
522
520
519
516
519
515
515
512
512
506
507
504
501
499
502
501
498
498
496
498
496
497
498
501
503
506
503
505
501
504
503
504
502
505
503
502
500
503
505
511
512
510
511
520
520
528
528
532
533
535
535
536
533
533
531
532
528
527
525
522
521
520
517
515
516
515
521
516
511
508
514
515
521
518
522
520
523
522
522
516
517
512
513
507
509
504
504
502
504
504
504
502
504
500
503
497
503
501
503
502
500
497
496
498
498
498
500
501
507
507
507
507
507
506
505
506
501
506
505
505
500
503
499
503
499
501
496
498
496
499
499
502
506
512
512
514
510
521
526
533
533
538
537
542
542
539
533
523
519
515
512
510
513
511
520
518
522
522
526
524
526
526
527
526
526
522
524
520
521
517
520
517
518
514
514
514
515
512
514
511
518
522
525
524
529
525
527
524
521
515
514
512
508
505
503
504
501
506
504
506
504
508
505
506
503
505
502
503
501
504
502
503
503
502
499
501
503
506
503
504
500
504
500
504
505
508
508
513
514
518
516
518
519
523
525
526
528
532
531
532
537
535
538
536
537
535
533
530
528
523
524
522
524
517
510
510
515
513
516
513
515
513
516
512
514
511
513
509
510
507
509
506
510
506
508
505
508
505
505
505
501
502
500
501
501
503
504
506
505
508
505
508
504
508
505
510
509
508
505
505
505
506
504
505
504
508
505
505
503
507
507
509
510
513
514
519
514
520
522
529
531
533
533
534
529
524
519
517
517
520
520
519
517
518
525
525
530
530
529
524
520
514
510
505
505
502
505
499
500
496
498
497
501
499
503
504
506
502
506
505
510
503
508
505
503
502
502
499
499
501
500
504
501
503
502
504
500
503
500
503
498
499
496
497
496
497
497
499
497
501
501
503
502
503
500
502
503
506
500
502
498
499
498
499
500
500
501
500
502
504
505
508
507
513
515
522
521
525
530
528
535
533
538
535
539
536
531
522
519
512
512
509
509
505
510
510
509
513
516
514
514
514
517
514
515
514
517
514
518
513
515
511
508
507
506
509
514
521
525
529
527
526
521
524
520
518
513
509
505
503
499
500
497
500
497
500
495
497
496
499
499
500
501
505
503
506
503
504
503
507
503
506
502
502
499
495
494
495
495
494
497
499
500
502
508
508
512
512
518
519
523
521
524
523
526
527
529
527
526
523
524
522
524
521
523
517
518
516
515
513
514
511
514
512
511
510
505
504
504
504
504
504
505
505
502
501
504
509
507
510
507
508
507
510
507
506
506
508
505
506
501
504
502
501
500
501
502
503
500
502
497
502
500
504
499
501
500
502
502
503
501
498
499
499
497
495
497
496
496
498
500
501
504
504
506
503
508
506
511
508
514
513
517
515
514
512
515
517
521
520
524
523
526
524
523
514
518
521
520
522
524
521
523
520
520
517
516
514
511
511
510
510
507
512
512
514
511
513
511
510
510
507
506
508
505
508
505
507
503
506
505
508
504
507
502
504
502
504
502
504
504
505
502
505
502
506
505
506
503
502
501
501
500
496
497
501
502
502
504
504
507
508
509
506
506
506
508
500
501
496
498
499
498
499
500
499
502
499
502
500
504
504
512
509
511
510
515
516
521
520
524
524
527
524
527
525
524
524
524
523
522
525
523
526
526
520
513
511
506
507
505
517
520
529
528
533
531
529
516
516
518
520
521
520
520
521
516
518
514
516
512
513
513
514
510
511
505
506
506
504
505
503
502
501
499
499
505
504
509
509
511
505
508
507
509
505
507
504
505
504
505
499
500
499
502
500
501
497
499
497
498
492
493
493
495
492
494
489
492
490
494
494
502
504
506
506
508
511
512
520
521
527
530
535
535
539
536
536
532
535
530
521
508
504
501
509
510
518
515
519
521
525
524
528
525
519
516
521
521
524
520
517
515
517
514
512
510
508
508
508
509
509
510
513
518
519
522
521
523
522
521
518
524
524
525
525
528
528
533
534
538
539
544
543
548
547
547
542
546
545
548
549
554
553
557
554
557
560
559
554
554
556
556
558
562
571
575
585
588
592
594
599
599
602
602
603
597
599
595
592
585
582
574
574
566
562
554
549
542
540
534
533
530
527
521
521
515
517
514
524
525
527
526
524
523
515
512
514
517
516
515
511
510
505
509
504
505
503
504
499
497
493
493
487
489
483
485
480
482
476
481
479
481
479
481
480
481
479
482
479
483
479
481
480
481
479
480
480
482
484
490
493
495
498
500
508
509
514
515
520
513
512
513
517
516
517
517
523
522
527
522
520
521
523
524
527
521
525
524
528
524
526
524
529
527
528
524
525
520
515
512
513
510
510
506
507
512
510
512
508
514
513
517
512
514
511
513
511
511
509
513
509
512
508
511
509
512
511
512
510
513
511
514
509
509
510
513
513
518
517
520
519
521
522
522
524
528
525
527
528
530
527
520
520
517
518
517
519
518
519
517
519
517
519
518
522
518
517
515
518
514
516
513
517
513
518
516
518
517
521
521
520
519
521
518
516
516
516
513
520
521
520
520
519
522
519
520
515
511
505
503
498
496
493
494
491
492
487
489
488
490
488
493
493
500
504
508
510
515
518
519
518
526
527
532
532
536
536
534
534
537
533
533
532
530
530
530
529
520
516
510
517
519
520
519
525
520
522
520
519
517
518
514
513
512
512
510
512
507
510
506
508
504
507
504
506
503
503
500
500
498
495
494
494
494
494
494
496
498
499
504
504
506
505
507
501
502
501
504
501
502
499
501
497
499
496
502
501
505
502
506
507
510
514
518
521
526
527
531
529
530
527
526
519
520
517
513
512
512
513
511
514
515
517
516
519
517
520
519
518
516
519
514
516
512
514
512
512
510
510
508
508
505
516
518
522
522
526
526
521
519
520
514
515
511
511
506
502
500
497
496
494
494
496
494
496
501
498
503
501
506
504
506
503
506
504
506
502
503
501
501
502
501
497
500
496
498
495
497
493
497
496
502
500
505
505
512
509
514
514
518
517
519
516
520
519
518
519
515
515
516
514
514
517
511
516
516
519
514
516
511
516
513
514
509
511
508
509
505
505
504
504
502
504
500
504
500
502
499
499
498
500
496
498
496
497
495
497
496
498
497
497
496
496
493
494
495
496
500
500
504
503
502
502
504
501
501
499
501
498
501
497
500
497
499
497
500
497
499
497
498
497
500
501
503
502
506
503
509
509
511
511
516
517
514
517
515
515
516
518
517
516
518
521
519
520
516
511
504
509
509
511
510
514
511
515
512
509
507
512
507
508
506
508
506
509
509
509
506
508
503
502
503
506
505
509
503
502
499
498
496
497
497
496
498
498
501
500
503
502
504
502
502
502
501
500
501
499
502
500
499
500
501
498
503
499
501
500
503
503
508
504
504
502
505
502
504
502
505
505
503
504
504
510
510
509
509
511
515
518
520
523
521
524
521
521
519
521
513
507
506
511
511
514
513
514
512
514
512
514
510
514
511
514
511
510
508
512
509
511
508
510
508
510
507
505
504
504
505
502
502
503
505
503
511
509
513
511
513
509
508
505
509
503
506
503
504
500
502
499
501
500
502
503
503
502
500
499
501
498
501
498
503
502
502
501
504
501
502
501
502
501
500
501
501
502
502
508
511
511
512
518
518
522
522
524
521
524
522
524
520
521
516
518
514
515
511
513
506
508
504
508
505
509
506
509
510
512
510
512
509
512
509
512
506
506
505
504
504
502
504
505
509
506
508
507
508
506
508
506
507
505
502
500
501
499
500
498
498
496
500
497
499
497
499
499
503
501
505
501
504
503
505
502
507
502
504
501
497
495
497
499
501
502
505
507
511
516
513
522
525
531
531
536
532
534
532
534
531
528
518
517
510
508
503
516
516
520
519
526
527
530
525
517
517
520
520
523
522
523
522
526
523
522
523
520
520
519
519
520
521
519
520
517
518
516
518
516
518
517
520
521
522
523
532
530
536
537
541
544
547
545
549
540
535
529
529
524
524
525
533
533
531
530
528
525
522
519
516
512
510
510
506
508
508
510
508
512
511
516
517
520
518
523
526
527
523
526
526
528
526
527
525
531
524
525
523
521
518
519
515
515
510
511
506
507
503
499
498
500
498
499
500
502
503
505
512
513
517
517
523
520
522
518
520
518
519
516
517
516
518
513
515
511
515
512
515
512
516
514
515
513
516
513
518
514
519
513
516
514
513
511
509
510
509
509
508
505
507
511
511
514
512
518
516
522
524
530
530
536
535
530
523
524
519
522
522
525
527
530
527
532
530
534
531
535
530
533
530
533
527
523
523
520
520
519
518
516
518
518
518
517
521
518
519
513
513
511
513
510
518
522
524
522
524
521
522
516
520
518
519
515
515
513
512
508
509
504
509
504
508
503
506
503
500
499
496
498
498
501
501
502
504
504
505
510
511
517
515
523
525
527
530
532
534
536
537
541
537
541
538
540
538
540
534
536
534
535
530
533
525
518
509
515
515
520
522
520
520
519
519
519
518
519
521
519
521
520
521
518
519
513
516
513
513
509
510
506
505
501
503
500
503
500
502
501
503
502
502
500
502
501
503
502
505
504
508
501
503
503
506
504
503
501
496
497
496
499
498
499
500
506
506
510
508
513
516
522
525
529
529
535
534
537
528
529
526
525
522
523
524
525
523
527
523
527
526
529
523
525
522
524
521
518
515
514
513
513
508
517
523
526
526
525
528
525
527
522
524
517
516
512
511
505
505
501
503
500
503
499
501
497
500
498
500
499
502
500
504
502
505
505
503
503
506
504
504
501
500
496
494
495
492
492
491
492
490
491
491
495
495
497
496
498
498
497
496
495
494
501
499
504
505
507
508
510
511
510
511
516
517
519
517
522
519
521
517
515
510
515
515
514
513
512
510
511
509
509
509
507
508
508
511
508
515
513
514
512
512
509
511
507
508
506
507
506
506
503
504
502
503
500
504
501
502
501
503
502
502
503
501
498
503
499
502
496
498
496
498
498
497
498
496
498
499
502
502
504
503
504
503
502
498
500
495
499
495
499
499
501
501
506
506
511
510
515
514
518
518
520
517
524
523
524
523
523
521
522
519
522
519
513
505
507
507
504
504
508
507
509
511
509
511
511
511
508
511
510
513
509
511
507
508
506
507
504
504
501
505
499
502
499
502
499
499
499
502
498
500
496
497
495
500
496
498
497
496
494
494
493
496
494
496
500
497
501
500
503
501
503
497
501
500
500
498
499
497
500
498
505
504
507
508
511
509
517
515
520
518
520
518
514
508
508
505
511
515
519
524
526
524
520
513
508
511
515
519
515
516
518
522
521
521
512
516
515
518
516
517
517
520
519
520
514
515
513
514
513
514
514
514
510
512
506
509
507
512
510
513
510
512
511
510
509
506
507
508
507
504
503
504
503
505
508
507
512
512
517
510
513
510
512
507
509
504
507
507
508
503
504
504
505
502
506
504
508
506
508
506
511
511
513
513
515
517
517
509
510
512
514
515
514
516
516
519
521
520
512
519
521
523
515
519
519
520
519
518
515
519
514
515
512
512
509
514
507
509
507
509
506
507
507
505
503
508
502
504
504
506
505
503
503
503
503
502
503
501
503
504
510
508
508
507
509
506
507
506
507
502
503
502
502
500
500
502
504
502
504
501
503
500
503
497
502
504
506
502
503
501
502
500
503
503
502
505
506
505
508
507
508
508
510
510
512
510
513
518
518
519
518
522
518
521
514
518
514
516
512
513
512
513
506
506
504
506
505
509
508
510
505
508
505
509
506
510
508
507
508
504
504
499
502
499
501
502
502
503
507
505
507
506
508
505
508
504
506
502
506
506
506
502
505
506
502
502
502
502
504
501
503
501
503
502
502
500
504
503
505
501
504
499
499
498
505
501
502
501
504
506
507
507
509
514
512
519
520
526
523
528
525
524
523
527
524
523
518
517
508
506
505
513
514
523
521
523
522
524
520
519
516
518
515
518
514
515
513
515
509
510
507
508
507
507
509
510
513
511
513
511
513
509
511
507
512
509
511
508
508
507
508
506
507
503
508
504
508
506
506
503
508
505
506
503
504
503
504
501
502
499
503
503
501
499
497
497
497
497
498
501
501
505
504
503
501
507
508
513
514
518
519
524
523
527
524
528
529
532
530
523
520
518
514
514
514
516
514
519
516
519
516
521
519
521
521
519
518
518
518
516
517
518
522
519
522
520
521
519
518
515
517
513
515
511
513
511
513
509
512
507
510
505
510
506
510
506
510
507
509
517
524
528
531
528
528
519
512
507
507
507
507
508
503
507
506
511
509
511
508
509
507
507
506
507
505
506
505
507
508
514
514
518
518
522
520
526



