Serial Number - 41
Age - 28
Medical Condition - Post Lunch
Time of Day - 5:22PM
BP - 131/86


0

569
572
2
482
482
483
482
482
483
483
483
483
484
486
490
494
500
509
516
522
531
539
547
554
561
566
569
572
2
482
482
483
482
482
483
483
483
483
484
486
490
494
500
509
516
522
531
539
547
554
561
566
569
572
0
524
500
485
479
479
486
491
502
509
520
526
533
535
540
541
545
543
545
541
540
534
532
525
524
522
522
521
524
521
522
518
518
513
512
507
507
502
502
497
494
490
488
486
484
482
482
482
482
485
484
488
486
489
487
488
485
487
483
485
482
484
481
483
481
482
480
481
478
481
481
485
488
495
499
509
516
527
533
543
547
555
556
561
559
555
551
549
547
546
544
542
541
536
537
531
530
525
523
519
518
514
515
511
516
516
519
516
516
511
511
506
506
501
500
495
495
490
490
484
485
481
482
479
481
479
481
479
480
478
481
478
477
476
476
476
477
481
480
483
482
483
481
483
479
481
479
480
479
482
482
487
490
500
505
515
519
527
532
542
546
554
556
562
562
566
565
568
565
567
563
563
556
554
547
540
534
528
522
518
515
513
515
513
514
511
516
516
519
516
516
512
512
506
505
500
499
494
493
488
488
484
486
483
484
481
483
481
483
481
483
480
482
480
481
478
481
479
481
478
476
475
475
475
475
475
476
480
480
484
484
488
487
493
495
503
509
516
518
525
528
538
542
550
552
557
557
560
558
561
558
559
556
556
551
549
543
538
531
529
523
521
515
511
511
511
511
511
510
510
509
508
510
507
508
503
504
500
499
495
495
491
491
488
488
485
486
482
483
479
480
478
480
477
480
478
480
479
480
478
480
477
480
478
480
479
482
480
479
479
479
478
478
478
478
477
478
484
485
491
493
503
509
516
517
525
529
536
539
546
547
552
551
554
553
555
553
555
552
552
547
546
539
537
530
527
521
520
515
515
512
513
513
513
513
512
511
509
507
505
506
504
505
502
502
499
499
495
496
492
492
488
489
486
486
484
485
481
484
482
484
482
485
482
484
482
484
483
486
485
487
485
487
485
487
484
486
483
482
481
481
482
483
486
490
499
507
514
516
522
524
531
532
539
539
544
543
545
543
543
540
540
534
533
527
525
519
516
512
513
513
514
514
519
519
523
520
521
516
516
512
507
503
500
497
495
492
491
493
492
493
491
492
490
490
486
488
484
485
483
484
481
484
481
484
483
486
485
487
486
488
486
489
486
488
485
487
487
490
491
498
501
509
513
522
526
530
534
537
540
543
545
545
546
544
543
538
538
533
533
527
525
520
518
514
513
511
513
512
515
512
514
510
510
506
505
502
502
499
500
497
498
495
496
494
496
493
494
491
488
486
485
485
484
483
484
484
485
486
487
492
491
494
492
494
492
493
490
491
489
491
490
494
495
502
506
514
516
524
528
536
538
545
546
551
551
555
554
557
555
557
553
553
548
542
537
532
527
523
519
516
513
511
518
517
521
520
520
518
517
512
511
506
506
501
500
496
496
493
495
492
494
493
495
494
495
493
494
490
492
490
492
490
492
488
489
485
486
483
484
482
481
480
480
480
482
483
485
490
495
502
508
516
519
528
533
542
546
553
557
560
561
565
564
568
565
566
562
562
557
556
550
547
541
538
531
528
523
522
518
519
515
517
514
512
513
515
516
516
515
513
516
513
510
508
508
504
505
500
500
497
498
494
495
491
493
490
491
488
490
488
490
487
488
486
488
485
487
485
486
484
486
483
486
484
488
489
495
499
505
513
520
527
535
543
550
555
560
568
569
574
573
575
573
572
569
567
561
559
552
549
542
540
533
531
524
523
519
519
515
517
514
516
513
515
512
513
511
515
514
516
513
513
509
505
501
497
494
492
490
489
489
487
492
490
493
491
493
491
491
489
491
489
491
489
490
488
490
485
486
484
487
487
492
494
502
505
514
518
527
531
541
544
553
555
561
562
563
563
564
563
563
560
558
554
550
549
542
540
533
530
525
525
521
522
519
519
516
517
513
513
511
515
513
515
512
513
509
509
505
504
499
499
495
496
492
492
488
488
486
483
481
481
481
481
482
483
484
484
489
488
490
488
490
488
490
489
494
497
506
512
520
525
536
540
549
553
560
561
566
565
568
565
568
564
564
559
557
550
547
540
537
531
526
521
522
517
514
512
513
517
520
522
522
525
522
521
518
517
512
510
505
505
499
498
494
493
489
490
487
488
486
487
484
486
484
484
482
482
479
482
481
484
482
484
481
484
482
486
486
489
493
500
509
517
523
531
543
553
562
566
573
574
578
577
579
576
576
572
571
565
563
556
552
545
542
534
531
525
521
516
516
512
513
511
516
516
519
517
516
512
512
507
507
502
498
495
493
491
489
488
487
486
487
489
487
489
486
488
485
487
484
484
481
482
480
482
480
482
479
481
477
478
476
479
478
483
484
493
498
510
515
526
533
543
548
557
561
563
566
567
569
570
570
570
569
568
569
565
563
556
553
546
541
535
532
526
524
518
518
513
513
512
515
513
515
512
511
507
506
502
502
498
498
494
494
490
491
487
487
484
483
481
480
478
478
478
478
478
477
479
479
483
482
486
484
486
483
484
482
483
480
483
481
484
481
484
483
488
491
500
504
514
519
528
534
544
550
559
563
569
569
572
569
570
567
564
561
557
553
548
543
538
533
528
528
522
522
517
517
513
514
511
516
514
517
513
514
510
509
504
503
497
497
493
492
489
489
485
486
481
483
480
483
480
482
480
483
480
483
481
483
481
479
478
478
478
478
479
479
483
484
485
483
484
482
482
479
482
481
487
490
498
504
514
518
527
532
540
541
549
550
555
554
556
553
553
549
549
544
542
536
532
524
521
516
514
510
511
509
509
508
507
506
506
505
504
507
505
507
504
506
502
503
498
499
494
494
490
490
486
487
483
484
482
483
481
484
481
484
482
484
482
485
483
485
483
486
483
484
481
478
477
476
477
478
483
488
495
504
514
518
528
533
540
543
549
550
552
551
552
548
548
545
544
539
538
531
528
522
520
514
513
510
513
511
513
510
511
507
509
506
507
504
504
500
497
494
492
490
489
488
487
486
485
488
486
489
486
487
484
485
482
484
481
482
481
483
481
483
481
483
481
483
481
484
482
486
485
489
492
499
503
512
515
522
526
533
536
539
541
543
544
545
545
545
545
544
547
543
544
538
537
530
527
520
518
513
512
509
512
509
510
506
506
502
502
498
499
495
496
492
493
489
491
487
488
485
486
484
485
483
485
482
484
481
479
478
477
477
477
477
477
481
482
484
483
485
482
484
483
485
483
486
487
491
494
501
504
513
514
521
524
530
533
540
541
546
545
548
547
550
548
549
546
546
539
537
531
525
520
515
512
511
512
512
511
511
510
509
512
509
510
508
509
505
505
500
500
496
496
493
494
490
491
487
489
486
486
483
485
482
484
482
484
482
484
481
482
480
482
480
483
481
480
479
479
479
480
480
482
484
486
493
497
505
510
517
520
527
530
536
538
544
544
548
547
549
546
547
543
543
539
539
534
533
527
525
520
519
514
513
511
513
512
516
513
515
511
507
505
502
499
497
495
494
493
492
495
493
495
493
494
491
492
489
490
486
488
485
486
483
484
481
483
482
485
483
485
482
485
483
485
482
485
483
485
483
485
483
487
487
490
494
501
507
514
520
526
532
535
542
543
547
546
548
545
544
540
538
531
528
522
521
516
514
511
514
511
513
511
514
512
515
512
513
510
511
508
508
505
505
502
502
498
498
494
495
492
489
488
486
485
485
485
485
489
489
491
489
491
488
489
487
488
486
488
485
486
484
485
483
485
484
488
488
495
497
506
510
517
518
525
527
533
534
539
538
542
540
542
540
542
539
535
532
529
526
523
524
520
520
515
515
511
515
514
517
515
516
513
512
507
507
503
504
500
501
498
498
495
495
492
493
490
491
489
490
486
488
485
487
485
488
486
488
486
485
483
482
481
481
481
481
482
482
486
486
490
491
498
500
508
514
519
521
528
531
537
539
544
543
548
546
548
546
547
544
545
541
541
537
536
530
527
521
520
515
515
511
512
513
513
512
512
511
510
508
508
505
504
506
503
504
500
500
497
496
492
493
490
491
488
490
487
489
486
488
485
487
484
486
483
485
483
486
483
487
485
488
486
489
486
489
486
484
482
483
485
489
493
499
505
512
522
525
533
536
543
545
550
550
554
553
555
552
554
551
551
546
544
538
537
531
529
524
523
517
517
512
513
511
515
514
516
514
515
511
512
508
508
505
502
500
498
497
495
494
493
496
495
496
494
496
493
495
491
493
490
491
489
490
488
490
487
489
487
489
486
488
486
488
486
489
487
489
487
489
487
491
491
497
500
507
512
516
520
525
530
535
540
543
551
553
557
556
558
555
556
551
551
545
544
537
534
528
526
521
520
516
517
513
515
512
514
512
513
512
516
514
516
513
513
508
508
502
503
498
499
496
493
491
490
488
488
488
488
487
488
490
489
493
491
494
491
494
492
493
490
491
488
490
488
489
487
489
485
488
485
488
487
491
491
498
501
509
514
521
524
532
535
542
543
544
544
545
545
546
546
547
547
546
547
544
544
539
537
531
529
522
522
518
519
516
517
513
514
512
514
511
516
514
515
514
516
513
513
508
508
503
503
499
499
495
496
492
489
488
486
486
486
486
487
487
489
493
493
497
495
498
496
498
495
495
492
493
490
492
491
495
495
501
505
513
516
524
528
536
539
544
545
550
549
551
549
550
547
547
543
537
533
528
525
521
517
514
514
517
521
520
521
518
522
521
522
519
519
515
515
510
511
507
506
502
502
498
499
495
497
493
495
491
493
490
492
489
490
488
490
488
490
488
487
487
487
488
488
488
490
489
490
495
496
502
504
512
515
524
526
534
537
543
546
551
551
554
553
555
551
552
548
549
545
544
538
536
531
529
523
521
519
522
521
523
520
518
516
514
513
513
512
512
511
510
512
509
510
507
508
505
504
500
501
496
497
493
493
490
492
489
491
488
490
488
489
488
490
489
491
489
491
489
491
488
491
490
494
495
501
504
509
516
525
533
542
547
552
555
558
565
565
569
568
570
567
568
564
564
559
557
551
548
542
539
534
533
528
528
524
524
520
522
519
520
517
518
514
515
512
513
511
515
513
510
508
506
504
502
500
498
497
496
499
497
498
497
497
495
496
492
494
491
493
490
492
489
491
489
491
490
494
493
498
499
506
510
519
523
533
539
548
553
561
564
570
571
575
574
576
574
571
568
565
562
558
554
551
550
544
542
537
536
531
531
527
526
523
524
520
521
517
518
514
515
512
512
511
515
513
514
510
510
506
506
501
501
496
496
493
494
490
492
489
491
489
487
486
485
485
485
486
487
487
488
492
491
493
493
497
499
506
511
518
522
531
537
547
551
560
562
568
568
571
568
569
566
566
562
562
557
554
548
544
538
535
529
529
524
521
519
517
517
517
517
517
517
517
520
517
519
516
516
512
512
511
513
510
510
506
506
501
501
496
496
492
493
490
492
489
491
488
491
489
491
489
491
488
490
488
491
489
493
494
497
502
510
517
523
530
539
547
554
564
568
574
575
578
578
579
576
576
571
569
562
558
550
546
537
534
527
527
523
523
519
520
517
520
516
518
515
516
512
514
511
515
513
511
509
506
504
502
500
498
496
495
497
495
497
495
496
493
493
491
493
490
491
488
490
488
489
486
489
486
490
491
498
502
511
515
524
530
541
547
556
560
568
570
575
575
578
575
577
573
569
565
561
557
552
547
542
541
535
533
528
527
522
522
518
518
515
516
513
513
512
515
514
516
512
512
508
507
502
502
497
496
492
492
488
488
485
486
483
485
482
483
481
479
478
477
478
478
479
480
484
484
485
484
485
483
486
487
493
496
505
513
521
526
537
544
554
559
567
570
575
575
579
576
578
575
576
572
571
566
563
556
550
542
539
532
530
524
520
516
514
512
511
515
517
518
519
521
518
519
514
515
509
507
501
499
494
492
487
487
483
484
481
482
479
480
478
480
479
481
479
481
480
483
482
483
481
483
480
482
479
477
475
474
474
474
475
477
480
486
493
501
514
520
531
538
550
556
564
567
573
573
577
575
577
574
575
571
570
564
562
554
551
543
539
532
530
522
521
516
516
513
514
511
516
516
515
514
513
510
508
506
504
502
500
501
498
498
495
495
491
491
487
488
484
485
482
484
480
481
479
481
479
480
479
481
479
481
479
481
479
481
478
479
476
478
475
477
475
478
480
487
491
498
506
515
522
529
535
542
551
556
560
561
563
559
561
559
559
555
554
547
542
534
530
522
520
514
513
510
514
512
514
511
513
510
510
507
507
503
503
499
500
494
495
491
488
486
484
483
482
482
483
484
485
488
487
488
486
489
487
488
485
487
484
486
483
485
483
484
481
481
478
480
478
479
479
484
487
496
501
511
516
524
528
538
541
548
549
555
555
555
554
553
552
549
546
543
538
535
533
528
527
521
520
515
514
511
513
511
513
511
512
508
509
505
505
501
499
496
497
493
494
491
492
488
490
485
486
483
484
481
483
480
482
480
478
476
476
476
476
476
477
476
476
480
479
481
479
480
479
481
482
488
492
500
505
516
519
528
530
538
540
545
545
550
547
551
548
548
545
546
540
539
534
532
525
522
515
511
511
510
509
508
507
506
505
503
506
504
505
502
503
501
500
496
495
491
492
487
487
484
484
481
480
478
480
477
479
476
478
477
479
477
478
476
479
477
479
478
480
478
480
477
478
476
474
474
473
473
475
477
480
488
494
502
507
513
515
521
524
529
531
535
536
539
537
540
538
539
536
535
531
531
526
525
520
520
513
513
509
510
506
512
511
515
511
513
508
505
503
499
497
496
494
492
493
490
491
489
489
486
488
485
487
484
485
482
484
480
482
479
482
479
481
479
480
478
480
478
480
478
480
478
481
477
480
478
481
478
481
481
485
485
486
489
494
499
504
511
518
523
528
533
531
534
532
532
529
531
528
529
526
525
522
522
518
517
512
512
509
511
507
509
505
506
502
503
500
501
498
497
495
496
492
492
490
487
486
487
486
486
487
487
487
488
492
490
492
488
490
487
487
485
485
484
485
482
485
480
482
481
482
479
482
479
483
480
482
481
484
481
484
484
489
491
497
500
507
509
513
512
512
513
514
515
516
517
518
520
521
525
524
526
523
523
518
516
511
512
508
509
506
508
506
507
503
504
501
505
503
505
502
502
498
498
494
495
491
492
489
490
485
487
483
481
481
480
480
481
481
482
482
482
486
486
489
488
491
490
493
491
493
491
493
490
492
488
489
487
489
487
491
490
495
496
502
503
509
511
514
512
515
513
517
515
518
516
518
517
519
517
515
513
512
513
514
514
513
514
513
514
512
513
509
509
505
505
501
501
498
499
497
499
497
500
497
499
496
498
495
496
493
494
491
492
489
491
487
488
485
487
485
487
484
483
482
481
482
482
483
484
490
491
492
491
494
492
494
492
494
492
496
496
500
501
506
508
513
515
518
516
518
517
519
517
519
517
520
518
520
517
519
516
517
513
513
511
514
513
511
509
508
506
505
504
503
503
503
506
505
507
506
508
505
505
502
502
499
500
497
497
495
496
493
494
492
494
491
493
490
493
490
493
491
493
492
493
491
493
491
493
492
494
492
490
489
489
490
491
494
497
501
506
513
513
518
519
523
523
526
525
527
526
528
525
527
524
526
521
522
519
519
515
515
511
513
510
512
509
511
508
513
513
515
513
514
510
507
505
503
500
499
498
498
500
499
500
498
499
496
497
495
497
494
497
494
496
495
497
496
498
495
497
494
497
494
496
494
496
494
496
493
496
494
498
498
502
503
509
511
514
517
521
525
527
529
531
530
529
531
530
532
530
532
528
530
528
528
525
525
520
521
517
517
514
515
511
516
517
520
519
521
518
519
514
516
512
513
509
510
506
507
503
504
500
502
499
496
495
494
494
494
493
494
498
499
502
501
502
500
502
499
502
499
501
498
499
496
498
496
498
497
501
502
508
511
516
517
523
526
532
534
540
541
545
545
549
548
551
549
548
546
544
542
540
537
535
536
533
533
530
531
528
529
527
528
525
526
523
523
520
520
518
519
515
516
512
513
511
514
513
515
512
513
509
510
506
507
503
504
500
501
499
500
498
496
495
493
493
494
495
496
496
497
500
499
503
503
507
507
512
513
518
520
528
532
539
543
550
551
557
558
563
561
564
562
565
562
561
556
555
549
546
540
539
534
534
531
529
527
525
525
524
524
524
524
524
527
525
527
524
525
522
522
517
516
512
512
511
514
511
511
507
509
505
506
503
504
502
503
500
501
498
500
497
499
497
499
498
500
498
500
500
502
505
510
517
523
530
538
546
554
565
570
577
580
584
584
586
582
583
579
579
574
572
565
563
554
551
544
542
537
537
532
533
529
530
526
527
525
527
525
527
525
526
522
519
516
513
511
512
511
511
509
507
508
504
504
499
496
493
493
488
490
488
490
488
490
489
490
487
490
489
492
492
495
495
499
502
510
514
523
528
539
547
558
563
571
575
577
578
578
579
580
578
578
577
576
577
573
569
563
558
551
547
540
539
533
533
529
530
526
526
522
522
517
518
512
513
512
516
515
516
512
511
506
505
500
500
495
495
491
492
488
489
486
484
483
483
483
482
482
482
487
487
489
488
489
486
489
486
488
484
486
483
486
485
491
495
505
511
522
528
539
547
559
565
574
576
583
583
587
585
587
585
587
582
583
578
571
566
560
555
549
543
538
537
532
531
527
526
522
522
518
519
515
516
513
513
510
514
511
512
509
509
503
503
498
496
491
491
487
488
484
485
482
484
480
483
480
483
482
481
480
481
481
482
483
484
484
484
485
485
489
487
490
487
488
485
487
487
492
496
505
512
521
527
538
544
554
559
567
570
575
575
578
576
578
575
575
570
567
560
558
551
547
540
534
529
526
523
521
519
519
518
518
520
518
520
517
518
513
514
511
515
511
512
509
509
504
503
498
497
491
490
486
485
481
482
479
480
476
478
476
480
478
482
481
484
482
484
482
481
480
478
479
479
480
484
488
495
506
514
523
530
541
547
556
560
567
569
574
573
575
573
574
569
569
565
563
556
553
546
543
536
535
529
529
526
527
524
526
524
525
522
519
516
512
513
515
516
515
513
510
511
507
507
502
500
495
495
489
489
485
486
482
484
481
483
481
483
482
486
484
487
485
487
485
488
484
487
485
490
492
501
507
516
519
528
533
543
547
551
554
556
558
559
560
561
564
562
562
557
555
547
544
535
530
522
520
514
512
512
517
517
520
518
520
516
517
512
512
506
506
501
500
495
494
489
489
484
484
479
480
476
473
471
470
469
470
470
470
475
475
478
477
479
477
479
476
476
472
472
468
467
464
464
460
464
464
472
478
490
497
513
519
529
535
544
548
556
557
561
561
564
562
563
560
560
555
551
545
539
534
529
523
518
515
512
513
513
512
513
519
519
521
519
519
513
512
506
506
501
499
494
493
488
488
484
485
481
482
479
480
478
480
477
478
476
478
476
478
475
473
472
471
471
471
471
471
471
472
476
476
480
481
487
490
499
505
515
521
531
537
546
549
555
556
559
558
559
556
558
554
554
547
540
530
525
517
513
511
516
515
518
517
519
516
514
512
509
508
507
506
505
503
501
505
502
504
500
501
497
496
492
492
487
487
483
485
481
484
480
481
479
480
479
481
478
481
478
479
476
478
476
477
475
477
476
479
479
485
488
497
502
508
514
515
519
524
529
533
542
546
550
551
554
552
555
552
553
548
547
542
538
531
528
521
520
514
513
512
518
517
520
516
518
514
514
510
509
504
503
499
499
494
495
491
489
487
485
484
483
482
482
485
485
487
486
488
486
488
485
488
485
487
484
485
482
483
481
483
480
483
482
487
488
496
500
510
514
519
521
529
532
538
541
546
546
550
549
552
549
547
545
544
541
538
534
530
527
525
526
523
523
518
519
515
516
512
512
513
515
515
518
516
517
513
512
507
506
501
501
495
495
490
490
487
488
485
486
483
485
483
485
483
481
480
480
481
482
483
483
484
486
489
487
492
494
500
503
512
516
522
525
532
534
541
542
546
546
551
551
553
552
554
551
551
546
545
540
538
532
530
523
523
518
517
513
514
515
515
514
514
514
513
511
510
510
508
509
506
506
503
504
501
500
496
497
493
493
490
490
488
489
485
487
484
487
484
486
483
486
483
486
484
487
485
487
486
491
491
495
500
506
514
519
524
529
534
539
545
548
553
552
554
552
555
554
553
550
549
543
540
535
531
525
524
518
518
514
516
512
513
511
518
517
