Serial Number - 47
Age - 21
Medical Condition - Pre Lunch
Time of Day - 12:44PM
BP - 103/63



0
58
556
553
552
548
543
538
0
524
489
467
450
444
438
440
441
447
450
459
467
475
478
486
488
495
495
499
498
501
499
498
497
496
493
494
486
491
487
491
491
496
496
504
510
513
522
528
534
540
545
549
557
559
563
562
563
560
560
555
554
548
546
539
536
530
527
524
525
520
521
516
517
513
513
511
513
510
512
509
510
507
507
504
502
505
506
507
504
496
493
493
497
489
491
494
494
495
494
496
494
496
494
495
492
493
490
491
487
490
487
490
488
492
491
496
497
504
507
516
519
528
534
543
547
554
555
560
560
562
559
555
553
548
546
541
538
533
533
528
526
521
522
518
516
516
518
515
521
515
516
513
514
512
512
509
509
505
506
502
502
499
500
498
500
497
498
495
496
492
492
489
492
488
485
485
485
485
486
487
488
489
489
494
488
492
490
492
492
491
494
492
490
491
490
494
496
502
505
514
516
524
529
537
540
546
547
552
551
553
549
550
546
544
538
538
531
525
519
516
512
512
512
512
512
514
520
518
520
517
518
514
514
511
508
506
504
500
502
498
499
495
498
496
496
493
494
492
494
491
493
490
492
490
493
491
493
490
493
491
490
488
487
486
486
487
487
487
490
491
491
495
495
497
496
501
504
508
512
518
523
530
532
541
540
544
547
548
545
547
543
544
538
538
532
531
524
524
518
518
514
515
512
514
513
514
514
514
514
514
513
514
512
511
512
509
510
507
509
505
505
501
501
495
496
491
494
491
492
488
492
493
493
490
490
491
493
492
492
492
493
491
494
492
494
493
496
496
497
500
505
512
516
522
527
534
539
548
551
555
555
557
556
556
552
551
546
544
537
535
529
528
524
520
516
516
511
515
515
518
513
515
512
512
508
509
508
507
504
505
502
500
498
496
495
495
494
493
492
492
496
494
496
494
495
493
494
490
492
490
492
490
492
489
492
489
491
490
490
488
489
489
491
491
495
495
502
508
515
521
526
531
538
543
550
552
556
556
555
553
552
550
547
545
542
542
537
535
531
529
524
523
518
518
513
513
511
513
512
513
510
512
509
510
506
508
505
507
501
503
499
500
497
500
497
497
495
498
492
494
491
491
488
487
485
486
485
483
491
489
491
491
493
492
494
491
493
491
494
491
494
492
494
493
498
500
507
512
520
523
532
537
543
547
551
553
557
554
557
555
555
550
548
543
536
533
528
522
517
517
514
517
515
516
514
515
512
515
515
518
515
517
514
514
510
510
506
505
501
502
498
498
495
495
492
493
490
492
489
491
488
490
487
489
487
489
487
486
484
485
484
487
486
487
488
488
491
493
495
495
497
495
499
496
500
503
509
511
517
519
526
528
535
538
544
543
547
544
547
543
543
539
538
534
532
526
524
518
517
512
512
510
510
511
511
511
510
510
510
509
510
513
511
513
509
511
507
509
507
507
503
504
500
501
497
497
493
495
491
492
490
494
493
495
493
495
492
495
492
495
491
494
492
494
494
497
495
497
498
502
506
512
518
521
528
533
541
544
549
550
550
549
550
548
546
541
537
529
527
522
520
514
515
512
516
514
516
514
516
513
515
512
512
510
510
507
508
505
506
503
499
497
495
495
494
493
492
493
493
496
494
497
497
497
494
494
492
493
492
493
492
492
491
489
487
487
486
489
487
491
493
500
501
510
512
520
523
532
537
545
547
554
555
555
555
554
553
552
549
547
545
542
542
537
536
530
529
524
523
518
519
514
516
513
514
513
519
515
519
514
518
512
513
509
510
506
509
505
505
502
503
501
502
498
500
497
495
492
490
490
489
489
489
489
489
493
492
496
493
496
493
495
495
499
499
505
510
517
520
527
533
543
545
554
554
563
564
564
562
563
555
554
551
549
543
539
532
530
525
519
515
514
515
516
516
516
516
515
518
516
518
516
516
513
514
510
510
507
507
503
504
498
497
495
495
492
494
492
493
491
494
487
492
490
492
491
492
488
491
488
493
491
492
488
491
488
486
486
488
490
495
500
509
518
526
536
542
551
554
560
561
564
562
563
560
558
553
550
545
541
533
532
525
522
515
515
512
512
508
511
508
511
509
512
511
511
512
511
509
507
506
507
502
502
504
504
506
504
506
504
505
502
502
499
503
502
502
499
501
498
501
496
498
494
496
492
495
491
494
490
493
491
496
496
504
507
515
523
530
533
543
545
551
554
557
560
562
564
559
558
556
556
551
549
542
540
533
531
525
523
518
518
515
516
513
515
514
519
517
519
514
517
511
514
509
511
506
506
501
504
499
499
495
495
495
492
489
491
488
488
486
487
487
491
489
484
488
491
495
498
496
496
497
495
496
493
495
492
493
490
493
492
496
497
503
507
517
521
532
538
549
555
565
568
574
575
578
577
574
571
568
564
561
556
550
546
543
540
537
534
530
529
524
524
519
522
520
521
517
519
515
520
515
516
512
512
511
513
510
510
506
506
502
502
498
498
494
494
491
493
491
493
490
488
488
487
487
487
488
487
491
489
493
491
494
491
492
491
489
489
490
486
486
484
489
489
499
509
518
524
535
542
553
559
568
571
578
579
582
578
578
574
572
565
563
554
548
541
535
529
525
523
522
519
519
523
521
523
520
521
517
518
514
514
511
515
513
515
511
509
507
507
502
501
498
501
496
496
494
494
488
489
486
489
486
488
486
489
487
486
485
484
484
483
483
484
485
485
490
489
491
489
490
489
489
487
487
485
488
488
495
496
508
512
524
528
537
546
557
560
567
572
577
574
575
571
572
566
564
556
553
545
537
530
523
519
516
513
512
513
514
518
518
521
520
520
516
515
511
511
506
507
503
503
498
498
495
494
490
490
487
489
485
487
486
486
481
488
485
488
485
490
486
488
488
485
484
487
486
485
484
484
485
485
489
488
491
489
490
488
490
486
488
487
491
490
498
502
511
515
529
536
545
550
560
563
567
569
572
567
569
561
559
553
551
543
539
533
528
523
523
517
512
508
507
507
507
507
507
513
513
515
514
516
515
516
511
511
507
508
503
503
500
501
499
502
500
501
496
499
493
494
491
492
490
491
489
490
488
490
487
491
487
489
484
481
481
483
485
486
486
490
495
500
509
515
526
533
545
551
561
565
573
572
573
570
571
566
565
559
557
551
548
540
535
530
528
521
519
515
516
512
513
512
519
515
520
515
514
512
513
508
506
505
506
504
505
502
498
500
498
499
496
497
494
492
490
490
486
487
484
485
483
484
482
484
482
485
484
487
485
487
485
487
486
488
485
486
484
486
484
486
485
486
492
496
506
517
527
536
547
553
569
569
578
577
581
581
581
577
576
570
568
560
557
548
544
535
530
522
521
515
515
511
516
514
517
514
517
514
516
513
513
509
511
508
504
502
499
496
496
495
493
492
493
496
492
495
492
494
493
494
489
492
490
491
489
490
488
488
487
488
486
488
484
487
483
485
483
486
483
485
484
486
487
493
495
505
510
520
526
533
543
550
558
564
570
573
574
576
579
576
576
570
568
559
557
546
545
534
531
525
522
517
517
513
513
511
516
515
518
516
518
514
514
511
512
508
508
504
504
500
499
495
490
490
487
487
486
484
484
484
482
487
487
488
488
487
486
488
486
487
486
487
486
488
487
487
485
488
484
485
482
485
480
483
483
487
488
494
498
508
513
522
529
540
546
558
562
564
567
568
568
566
564
562
563
557
555
548
544
538
534
529
527
523
521
517
516
514
512
512
516
514
518
519
518
515
517
509
511
505
506
500
502
497
497
495
495
491
493
490
491
488
486
484
483
482
482
483
484
485
486
489
490
493
490
494
490
492
492
492
488
491
490
491
490
495
496
503
508
520
522
534
536
545
551
559
563
569
566
567
561
561
556
554
546
540
533
527
521
517
513
512
513
514
517
515
518
516
518
515
517
513
513
510
512
508
510
504
505
502
502
498
498
493
494
489
489
484
488
487
488
486
488
484
490
487
490
484
489
489
485
486
482
483
483
483
483
484
484
489
488
492
491
495
498
505
510
519
524
534
542
552
557
566
570
576
575
576
574
573
569
566
560
559
550
544
538
534
526
527
522
518
516
513
514
516
516
516
515
515
514
513
516
513
514
511
511
507
506
503
503
499
498
495
496
492
492
489
490
487
488
485
486
484
487
484
487
483
488
484
491
484
488
483
490
486
489
485
484
483
481
480
482
484
488
497
504
517
527
538
547
558
563
572
575
580
580
582
578
578
573
571
564
560
551
547
538
534
526
525
517
517
514
514
513
516
514
517
515
517
514
514
507
506
505
503
502
501
499
499
503
499
500
496
497
494
494
491
492
488
490
487
488
485
487
485
487
486
487
486
487
484
487
485
485
485
486
485
488
485
486
484
487
485
488
489
495
496
504
512
520
528
538
552
560
570
570
578
579
580
579
579
573
572
562
559
550
545
538
534
526
524
518
517
512
513
512
516
516
518
517
516
515
516
513
513
510
509
506
501
499
494
493
491
489
487
486
486
491
487
491
488
490
489
493
489
492
486
487
484
486
483
485
482
484
482
484
481
483
481
484
482
484
481
483
480
484
481
487
488
495
499
509
514
520
528
537
546
554
562
568
569
572
576
571
572
566
564
557
549
545
539
531
528
524
522
517
514
510
514
514
517
515
518
515
516
513
514
509
509
506
505
501
502
498
499
495
493
490
489
487
486
485
484
485
484
488
487
491
489
494
492
495
494
491
491
494
488
492
488
491
486
487
485
486
486
489
488
494
497
505
511
521
526
537
543
552
556
563
564
567
564
562
559
554
550
545
541
535
534
527
527
519
519
511
516
516
517
515
516
514
514
512
512
509
507
506
506
501
506
500
505
502
498
495
493
491
493
489
491
488
489
486
487
484
482
482
481
480
480
481
481
482
482
486
484
487
485
487
484
487
486
491
490
495
498
506
511
525
528
539
546
556
561
569
572
576
577
579
574
572
569
565
559
557
550
548
539
531
526
522
517
514
512
512
514
515
520
519
521
520
521
518
518
514
514
510
509
504
504
498
499
494
494
491
491
488
488
485
486
483
487
482
483
481
487
483
490
488
489
486
483
482
485
483
482
482
481
483
485
489
494
505
512
521
527
539
546
557
564
572
576
581
581
583
579
579
574
571
564
561
553
550
541
535
528
527
521
518
515
516
513
514
513
513
512
514
514
513
511
511
514
510
507
507
508
504
504
500
500
496
496
492
493
490
490
486
488
485
488
484
486
484
486
483
485
484
486
484
487
486
487
485
487
485
487
485
490
491
497
502
504
512
518
530
540
552
562
569
575
582
581
585
582
581
576
573
566
561
552
548
539
535
527
525
518
517
512
511
512
516
512
515
513
514
511
513
509
509
507
507
505
505
501
500
497
491
490
488
488
486
484
484
485
483
485
486
489
485
490
486
487
486
487
485
487
486
489
486
487
485
485
482
484
481
483
482
484
484
489
493
503
510
521
527
539
545
556
562
565
570
571
573
572
571
570
564
559
559
548
546
540
535
528
525
519
518
515
515
512
517
516
519
517
518
515
516
512
513
509
510
506
506
503
501
497
499
495
496
493
492
490
492
488
486
484
485
483
485
484
484
485
485
488
488
490
490
489
486
491
486
489
487
489
490
494
497
507
514
524
530
542
549
560
565
573
574
578
576
577
571
569
562
559
551
547
538
532
524
519
513
512
511
510
511
512
517
515
517
515
517
517
519
517
516
513
512
505
506
501
500
496
496
492
492
488
490
487
488
485
487
484
487
484
486
483
485
483
485
483
484
482
480
480
480
480
480
479
481
484
485
486
485
488
489
495
499
509
515
528
537
549
560
572
578
584
586
591
590
593
584
587
576
574
565
560
550
544
535
530
523
521
515
516
512
508
507
506
507
507
508
508
513
512
514
512
513
508
507
504
503
500
499
494
498
496
496
492
493
490
491
490
490
487
489
484
487
483
486
483
485
482
485
481
484
481
483
481
480
478
479
479
478
478
479
485
492
498
504
516
522
533
543
556
563
574
579
585
584
589
583
583
577
574
566
563
555
547
539
535
527
526
521
521
517
512
510
516
516
519
517
515
514
513
511
510
508
506
508
506
506
503
503
499
499
496
496
492
492
488
489
485
487
483
485
481
483
481
483
481
483
482
483
484
484
482
483
482
482
479
479
477
481
476
479
476
477
478
479
485
492
502
513
521
532
547
556
567
572
579
581
584
583
582
576
575
568
564
556
550
542
538
529
525
519
516
511
513
510
513
511
513
510
510
507
508
505
509
509
506
503
503
501
496
494
492
490
491
493
490
492
489
491
487
487
484
483
480
481
479
481
479
481
479
482
479
482
480
482
480
482
480
482
480
482
480
482
479
480
478
481
482
484
489
495
505
513
520
528
538
548
560
564
571
572
576
572
570
565
561
553
549
539
535
526
523
516
514
511
515
513
516
514
516
514
517
515
517
513
515
511
513
508
509
505
504
501
496
490
493
491
489
488
487
491
492
494
492
496
492
493
491
492
488
490
487
488
483
485
482
482
479
481
479
482
481
485
486
493
499
511
518
529
536
549
556
566
568
573
574
573
569
568
563
559
556
548
544
537
535
528
525
520
516
510
516
513
518
514
513
510
513
511
513
509
511
507
508
505
505
501
501
497
497
493
493
489
491
488
489
485
487
483
481
480
478
478
478
478
479
479
481
485
485
488
486
485
483
482
482
482
482
485
488
493
496
506
513
525
533
546
554
567
574
582
584
588
586
587
582
580
573
569
561
557
549
543
535
532
525
518
514
512
512
511
515
514
514
515
517
515
515
514
516
512
511
507
507
504
503
500
498
494
497
491
491
488
489
486
487
484
486
483
485
483
484
482
485
483
486
483
486
484
482
480
480
480
482
484
485
487
491
498
502
513
520
529
539
551
561
571
580
586
590
595
591
593
586
585
578
572
562
557
548
543
535
533
527
525
520
520
517
517
514
517
515
513
514
516
517
517
518
517
515
513
514
511
511
504
503
496
496
491
492
489
489
486
487
485
486
483
485
484
485
485
490
486
493
488
493
487
488
489
487
485
487
483
485
482
484
484
484
487
493
502
512
522
532
544
555
569
576
585
589
594
593
593
589
588
582
578
569
564
554
548
537
534
526
524
519
518
514
516
512
520
518
520
519
521
518
520
517
516
513
509
508
506
504
502
500
497
495
492
495
492
494
490
492
489
490
486
488
486
487
485
486
485
488
484
484
483
483
482
484
479
483
480
483
479
480
481
488
489
497
502
510
518
521
531
548
557
564
571
576
580
582
586
583
583
578
575
567
563
554
549
539
535
528
525
520
520
518
519
517
519
518
520
519
520
518
519
517
519
514
515
510
515
511
515
507
505
500
499
495
495
490
490
489
486
487
486
490
490
493
492
494
492
493
490
491
489
490
486
487
483
484
481
484
484
490
494
504
511
523
533
548
558
571
578
587
591
596
595
597
590
592
581
575
571
564
557
553
546
541
538
530
528
524
523
519
521
519
521
519
521
520
521
518
518
515
516
512
515
512
513
508
507
503
503
499
499
494
493
490
491
487
488
485
487
483
482
480
478
479
480
479
480
484
483
485
487
489
485
489
485
489
485
487
482
482
482
486
490
498
504
517
525
538
549
566
575
588
594
602
602
607
604
604
598
596
587
583
574
567
556
549
542
537
531
528
529
524
526
527
523
523
526
523
529
521
521
519
519
515
515
511
513
510
510
505
504
499
499
495
494
491
492
488
489
487
489
486
486
484
487
483
486
484
482
482
480
481
479
484
481
482
481
485
482
484
481
484
480
483
479
480
481
487
487
499
504
517
526
542
554
568
577
588
592
599
599
601
598
598
592
588
579
575
565
561
550
541
533
527
522
517
515
514
513
513
516
516
519
517
518
516
515
513
512
510
511
509
507
505
501
501
499
493
492
487
488
483
484
481
481
478
480
476
479
477
479
477
479
478
477
476
476
477
478
479
478
477
477
477
477
481
480
482
481
480
477
479
478
481
480
487
490
502
510
522
532
545
556
565
571
582
584
585
586
584
579
576
569
565
555
550
541
537
529
522
516
514
511
513
515
516
517
518
522
522
524
522
522
520
519
515
513
508
509
504
504
498
500
495
497
492
495
493
494
488
491
488
491
489
491
489
491
489
490
489
490
487
489
486
486
483
481
478
477
477
476
478
482
493
499
512
521
533
544
558
569
581
588
596
599
600
600
599
595
593
587
584
576
573
562
556
546
541
535
532
527
528
521
524
518
517
515
519
517
517
516
514
513
514
518
516
515
512
511
506
506
500
499
495
494
489
489
484
484
480
481
478
481
477
480
477
480
478
479
477
479
479
478
479
480
478
477
477
479
477
478
476
475
476
480
486
494
505
521
536
548
562
571
583
588
594
594
596
593
591
585
581
575
569
561
555
546
539
532
527
518
516
514
516
513
516
512
514
511
513
510
511
508
507
504
505
503
502
497
493
493
491
489
488
486
485
487
484
486
482
484
481
481
479
480
477
479
477
478
476
477
475
477
474
475
474
476
474
476
475
478
479
485
492
502
509
521
530
541
551
557
564
569
576
578
576
576
574
570
568
564
559
550
546
535
529
521
518
511
513
511
513
509
510
507
508
506
508
505
507
504
504
501
501
496
495
491
491
487
487
483
485
480
478
474
473
469
469
471
472
472
473
480
481
481
481
480
478
479
478
480
479
483
483
491
496
508
516
527
536
549
557
568
572
580
581
583
580
578
569
566
558
554
544
539
529
525
517
510
509
505
505
503
503
501
500
501
504
504
508
506
504
501
504
500
500
495
497
490
493
487
487
483
484
480
481
477
479
477
479
476
477
474
476
473
475
472
474
472
476
477
483
491
498
507
517
527
536
546
556
567
571
574
575
577
573
572
563
560
552
549
536
529
521
517
511
512
509
511
508
510
508
511
510
513
512
515
514
516
515
517
515
516
513
515
512
507
505
503
501
500
496
496
498
494
494
490
490
486
487
482
486
482
487
488
500
505
518
524
537
550
563
570
578
584
591
591
593
588
586
580
576
567
563
553
548
535
530
521
518
511
509
508
507
505
505
505
504
506
506
509
507
510
507
509
505
504
500
500
495
494
488
488
484
486
481
485
482
480
476
477
476
477
475
476
474
476
473
475
476
480
481
490
497
507
518
527
539
551
564
575
585
592
599
600
601
597
597
589
585
573
569
558
551
541
535
526
522
517
514
511
517
512
517
512
513
511
513
510
510
508
508
505
503
499
498
493
489
486
484
482
480
480
479
478
478
478
478
481
480
483
481
484
481
482
479
481
478
478
477
480
479
486
493
501
514
528
536
553
562
575
582
596
597
602
600
602
596
594
586
582
571
562
552
542
533
526
521
516
512
511
516
516
519
517
519
517
518
514
514
510
509
505
505
498
498
494
493
489
489
485
485
481
481
478
480
478
481
480
481
481
485
485
490
493
495
496
499
498
496
495
494
493
492
491
490
492
491
492
491
493
492
498
502
513
519
533
544
561
573
587
596
605
607
611
610
610
605
602
593
587
578
571
562
556
547
539
532
529
523
522
518
515
514
517
518
519
520
519
522
520
520
516
514
510
508
503
501
496
494
488
487
482
482
476
477
473
473
469
469
466
467
465
466
464
467
467
469
468
470
469
471
469
472
466
470
465
465
463
460
462
462
465
470
475
482
496
506
520
529
544
553
565
573
581
582
586
583
583
577
573
565
560
547
542
531
524
514
512
507
509
506
506
504
503
504
505
505
510
505
503
500
499
497
494
494
492
491
490
491
488
489
486
487
483
482
480
480
476
478
475
476
473
474
472
474
471
473
473
474
472
475
474
475
473
475
473
475
472
476
478
485
490
498
508
518
528
545
555
565
568
574
584
583
586
581
579
572
564
555
548
537
531
521
516
509
509
505
506
501
503
500
505
501
504
501
504
501
503
498
500
497
498
494
497
491
493
488
485
481
479
476
475
474
473
477
477
479
476
479
476
477
476
476
472
473
470
472
468
469
467
466
464
468
469
475
481
492
501
516
526
542
553
567
575
586
590
597
596
597
593
586
578
570
561
553
545
537
529
523
522
514
514
509
512
516
518
509
511
510
509
507
507
505
504
501
500
496
496
491
491
487
487
483
483
479
480
477
478
475
476
473
474
472
470
470
469
470
470
470
470
472
472
477
476
480
477
481
477
479
476
479
477
483
485
499
510
526
534
552
561
576
585
594
598
601
598
599
593
590
581
577
566
559
547
539
529
522
513
511
509
508
505
505
504
504
503
503
508
508
508
506
506
504
505
502
501
498
498
492
488
488
488
486
482
481
480
477
475
471
473
471
473
471
473
471
472
470
474
472
475
473
476
474
472
470
470
469
468
468
469
471
475
482
488
501
511
525
535
550
560
575
584
593
594
599
595
596
590
587
576
573
560
554
542
538
528
524
516
514
509
510
508
510
507
509
506
504
502
501
499
498
497
497
497
496
496
493
494
490
490
485
485
481
479
475
477
472
474
471
473
469
470
468
469
466
471
472
475
474
473
467
475
471
474
471
473
470
471
468
470
468
467
468
472
480
489
500
515
526
538
555
566
578
584
591
592
594
589
586
578
573
563
556
544
537
527
518
510
511
505
510
505
508
505
507
505
507
508
510
506
510
507
508
504
500
498
495
492
491
490
488
486
485
487
485
487
485
487
484
485
482
483
480
481
478
480
477
478
475
476
473
475
473
474
474
476
476
481
481
490
499
511
517
530
539
555
566
574
579
584
585
586
585
581
576
570
567
558
551
541
532
523
517
510
511
507
509
506
507
504
506
504
506
505
506
504
505
501
502
499
499
495
494
490
491
487
490
484
487
480
482
475
479
477
474
471
469
469
471
471
471
474
476
478
477
479
477
479
476
477
475
476
474
476
476
482
486
498
507
522
532
548
560
575
584
595
598
605
603
604
598
595
587
581
571
563
552
541
534
523
520
513
508
509
514
514
515
514
516
513
515
512
514
511
511
507
508
503
503
499
499
495
494
491
490
487
486
481
483
479
481
478
479
477
478
475
478
475
478
475
475
473
473
472
473
473
473
472
475
474
478
483
483
492
501
513
521
538
550
565
575
589
595
602
603
605
602
600
592
586
577
571
561
554
544
538
529
525
518
516
511
515
514
519
515
514
514
512
511
511
509
510
505
507
505
505
503
499
497
495
497
489
489
486
486
483
484
480
482
479
481
478
480
478
479
477
479
478
479
477
479
476
479
475
478
474
477
474
478
474
473
472
472
475
479
488
499
512
525
543
557
574
585
601
604
612
610
611
606
601
597
589
579
573
559
552
541
535
525
521
513
512
510
513
510
513
511
513
512
514
511
513
512
509
507
504
500
499
495
493
490
488
490
488
488
486
485
483
483
480
481
476
474
473
473
471
472
470
474
470
474
472
475
474
476
474
476
473
476
473
475
473
475
473
476
474
475
476
485
491
501
511
522
534
548
561
572
585
593
598
597
597
593
589
580
575
564
557
546
539
528
526
515
515
508
512
510
511
509
513
511
514
513
516
514
516
513
513
510
510
504
504
499
495
492
489
487
486
484
483
484
485
485
482
484
481
482
480
482
480
482
481
479
479
482
477
482
477
480
478
480
481
486
489
496
503
519
527
539
549
563
571
584
587
593
592
593
588
581
575
567
559
550
540
532
527
520
517
510
514
510
513
510
513
510
513
511
514
512
513
508
508
506
506
499
503
495
498
492
490
487
490
481
482
484
481
478
480
477
479
477
474
473
472
472
472
472
472
473
474
477
475
479
477
478
478
482
485
495
502
515
523
540
552
571
582
594
602
611
611
614
609
607
600
594
586
578
567
562
551
544
533
529
522
519
513
515
515
516
518
519
520
520
524
522
525
522
522
518
517
512
511
506
505
500
500
495
496
491
491
487
487
484
486
482
486
482
485
482
484
481
482
482
482
483
482
482
483
484
481
489
497
507
519
531
545
559
572
589
598
609
614
618
616
616
609
607
599
595
585
580
568
560
550
545
537
534
528
526
522
523
520
520
518
520
519
521
519
520
517
517
513
514
513
514
507
507
503
499
493
490
487
483
486
483
485
484
486
483
484
482
484
481
483
480
482
479
482
478
479
477
479
478
484
488
501
508
523
535
552
563
579
588
600
604
612
614
615
612
607
601
596
586
581
570
564
556
548
545
537
535
529
528
525
525
521
522
519
521
517
519
516
518
515
516
512
512
510
512
508
510
503
502
497
498
493
493
490
489
485
486
484
483
482
481
482
481
482
482
488
485
491
487
488
484
488
484
489
493
500
509
520
529
546
557
573
582
595
600
609
609
612
608
607
600
596
588
581
570
563
551
542
533
528
521
516
515
513
513
516
519
524
527
526
529
527
528
523
522
518
515
509
506
501
501
494
496
493
491
485
487
481
481
478
480
477
480
477
479
477
480
478
481
479
482
480
482
481
479
478
479
479
479
479
479
478
478
479
480
489
495
508
517
534
552
573
585
603
614
624
628
635
633
634
630
625
617
612
603
598
588
582
570
564
553
549
540
538
533
534
529
530
528
525
523
522
520
518
517
517
520
516
516
512
512
509
511
507
506
501
500
494
495
489
488
481
482
479
480
479
479
476
478
475
481
479
480
479
481
479
481
479
481
478
480
478
476
474
473
472
471
471
471
472
476
483
490
504
516
532
551
568
582
598
608
620
624
632
630
632
627
624
616
613
603
597
587
582
568
564
549
543
534
532
526
525
522
522
520
518
518
517
516
515
514
513
512
512
514
511
511
505
504
497
496
490
489
483
484
478
479
475
477
474
475
473
476
472
476
473
475
473
476
474
476
473
476
474
474
472
476
473
471
467
467
467
466
466
466
465
466
469
468
472
473
483
491
505
518
534
547
566
579
594
603
614
616
618
617
616
610
606
598
592
581
574
562
556
547
539
531
526
519
519
516
517
513
516
514
514
514
516
519
519
518
515
517
513
511
507
506
502
501
496
494
489
488
483
482
479
478
475
476
475
477
475
476
474
477
475
477
475
478
476
478
475
477
474
477
471
474
474
471
466
463
464
471
475
484
495
510
525
537
555
568
584
594
605
609
614
614
613
608
605
597
592
582
576
565
558
547
539
529
524
517
514
510
514
512
515
512
514
511
514
509
511
507
503
499
498
492
493
489
487
483
482
483
482
480
479
480
478
477
475
475
473
474
471
473
470
472
470
472
469
472
470
471
468
471
469
471
469
471
470
471
468
470
468
469
465
465
465
462
463
465
468
471
481
497
510
523
544
555
572
583
602
609
617
618
620
617
615
608
604
596
591
577
571
559
551
540
534
525
522
516
515
513
516
514
517
516
516
513
514
510
507
502
498
494
494
493
489
486
485
488
484
486
482
483
478
479
476
477
474
473
473
472
472
473
471
