Serial Number - 5
Age - 23
Medical Condition - Post Lunch 
Time of Day - 2:08 PM
BP - 146/97


0

542
541
540
538
535
533
529
526
522
517
514
509
511
512
0
528
501
480
465
455
449
448
447
451
455
460
467
474
479
488
496
505
513
521
528
531
535
538
541
544
545
546
546
545
543
542
540
535
532
529
525
522
518
515
513
512
510
508
508
508
507
507
507
507
508
509
508
507
508
507
507
506
506
506
504
504
504
502
502
502
501
499
503
505
507
506
507
505
505
503
502
501
501
501
503
507
512
515
518
523
528
533
538
542
544
548
549
550
549
548
546
544
541
539
536
533
529
525
522
518
516
514
514
512
511
513
516
517
517
516
516
515
512
510
508
506
506
505
506
506
505
504
504
503
502
501
501
500
499
498
497
496
496
496
494
495
496
498
500
503
507
513
518
525
531
537
541
546
549
549
550
550
549
546
539
531
525
520
517
513
511
512
514
513
513
512
514
514
515
515
516
516
516
516
515
515
515
513
511
510
509
508
506
506
505
503
503
502
501
500
499
498
498
497
496
496
495
495
496
495
497
497
497
497
498
498
499
499
499
503
506
511
517
523
529
534
539
543
546
547
543
540
538
535
532
529
528
526
525
522
518
518
514
513
516
517
519
519
518
517
518
516
516
516
516
513
512
510
508
507
506
504
503
504
502
500
499
500
499
499
498
497
498
498
498
497
496
497
497
497
496
496
497
498
497
499
499
503
507
511
514
515
518
524
528
533
536
538
541
542
541
542
540
538
536
533
529
525
521
519
515
512
513
515
516
518
518
517
516
516
515
514
513
512
512
509
509
506
505
504
503
502
502
502
501
500
500
500
500
500
500
499
499
500
500
499
499
499
498
497
497
498
497
498
499
502
506
511
514
517
521
525
530
534
538
540
540
541
541
541
539
536
534
531
529
526
521
518
516
513
512
513
514
514
516
517
517
515
515
514
513
513
511
510
509
509
507
505
504
502
502
500
500
500
500
500
499
497
499
498
498
497
497
497
497
498
498
500
503
508
512
515
519
522
527
530
535
536
539
540
541
540
539
536
535
532
529
527
524
520
517
514
513
515
516
517
517
517
516
516
514
512
510
509
508
507
508
507
505
504
502
501
500
499
499
498
500
500
500
501
502
503
500
500
498
497
496
495
495
494
495
497
499
502
507
512
515
519
523
528
533
537
539
540
542
543
544
542
539
537
535
533
529
526
522
518
515
512
512
513
515
516
515
515
513
512
513
511
509
508
507
505
506
504
502
501
499
498
496
496
494
494
494
493
493
493
496
495
496
497
498
499
498
499
499
499
500
499
499
501
503
505
509
513
515
519
523
529
533
539
542
545
547
548
548
547
545
543
541
539
536
533
530
528
523
521
518
516
514
512
510
515
516
518
519
519
519
517
517
517
513
511
510
507
506
504
503
504
502
502
502
502
501
501
499
496
496
495
493
491
488
486
486
486
484
485
487
491
495
501
508
515
519
527
532
536
541
546
548
549
548
547
546
544
540
536
533
529
524
520
516
512
512
514
515
516
515
517
519
520
520
521
522
521
520
518
517
515
513
512
510
508
506
505
504
502
499
498
497
496
495
495
494
494
495
494
496
495
497
498
499
501
503
507
511
515
517
522
525
529
534
536
539
540
542
542
541
540
538
537
535
533
530
527
523
520
516
514
515
516
517
516
516
517
518
517
515
515
513
512
509
508
507
506
505
505
504
503
503
502
501
500
500
499
499
499
499
499
499
498
498
498
496
496
497
497
496
497
499
502
505
512
518
521
525
529
533
537
539
541
542
542
542
541
539
536
534
532
529
527
524
519
516
518
519
519
518
518
517
518
516
514
513
512
511
509
508
507
505
504
503
502
500
501
500
500
499
498
498
498
497
497
497
496
496
496
496
496
496
495
496
495
496
496
497
497
500
503
507
513
520
526
533
538
544
548
551
550
548
546
543
541
539
537
534
532
529
525
523
520
517
515
513
511
513
516
517
517
517
517
516
516
514
513
511
510
509
509
507
505
505
504
503
502
501
501
500
500
500
500
499
499
498
496
496
496
496
496
496
496
496
497
497
499
504
511
516
523
529
536
540
542
541
539
538
537
535
533
531
529
528
526
523
520
518
516
513
512
514
516
518
518
517
516
515
514
512
511
511
510
510
508
508
507
506
506
505
505
503
502
501
499
499
500
499
500
500
499
501
500
500
500
501
502
502
503
503
506
510
515
517
518
521
525
526
528
528
531
531
531
531
530
528
527
523
523
520
517
514
511
513
514
515
516
515
513
513
512
511
510
509
509
508
509
508
509
508
508
508
508
508
510
513
517
522
524
529
533
536
535
535
531
524
517
509
500
491
483
477
473
473
476
481
487
495
503
511
519
525
530
533
536
533
531
529
527
525
523
520
521
521
521
520
519
517
516
515
513
511
510
509
509
507
507
506
506
506
507
505
506
506
505
505
505
503
503
501
500
498
498
498
498
497
497
495
496
496
496
498
501
504
510
514
521
527
533
539
544
548
550
552
550
550
549
547
544
542
535
528
521
515
511
511
511
510
507
507
507
507
506
508
508
508
508
509
508
509
509
509
509
508
507
506
504
504
502
500
500
498
497
496
495
495
495
494
495
495
495
496
498
499
503
508
513
521
528
533
534
538
539
540
541
542
542
542
541
538
536
534
531
527
524
521
518
514
512
512
513
514
515
514
514
512
512
511
510
510
509
508
507
506
505
504
503
503
503
502
501
502
500
500
499
497
496
495
495
494
494
493
494
496
496
500
505
511
517
524
530
537
543
547
550
552
553
552
550
547
544
541
538
533
530
526
521
518
513
509
506
504
506
506
505
505
506
506
506
506
506
506
506
505
504
504
503
503
502
499
499
497
496
496
496
496
495
495
495
493
492
494
493
493
493
493
493
494
495
495
495
497
500
505
508
516
523
530
535
542
546
550
552
552
552
551
548
545
542
538
535
532
527
525
520
516
510
508
507
505
505
505
505
505
505
506
508
508
507
508
508
507
507
505
504
503
502
500
499
498
498
496
496
495
495
494
495
494
494
495
495
495
494
495
496
496
497
496
498
499
501
504
507
513
519
525
531
536
541
545
547
547
547
546
543
540
533
527
523
518
514
511
513
515
516
514
515
514
513
514
513
512
511
510
510
509
508
508
508
507
508
507
506
506
503
502
500
500
500
498
497
496
496
495
494
494
494
495
495
494
494
494
495
498
498
502
506
512
517
523
530
533
536
535
538
538
538
537
536
535
534
532
529
526
524
520
516
513
512
513
514
516
516
516
515
514
512
511
509
509
508
508
507
507
506
504
504
503
502
501
500
497
496
497
496
497
496
494
493
492
493
492
493
493
495
498
503
506
512
515
518
521
525
528
532
534
536
536
537
538
538
536
532
530
527
524
520
516
513
512
513
513
514
513
513
512
512
510
508
508
508
507
505
505
505
504
503
502
501
499
498
498
499
498
499
498
496
496
495
494
494
493
493
493
493
494
495
499
503
508
513
516
519
524
528
532
535
539
541
542
543
542
542
539
536
533
531
528
523
521
517
514
512
512
514
516
517
515
516
515
516
515
514
513
512
510
510
508
507
505
502
502
501
499
498
498
497
496
497
497
496
496
494
493
492
493
493
494
496
496
498
501
505
510
514
518
521
526
530
534
538
541
544
544
545
544
542
540
536
533
531
529
525
522
517
513
514
516
515
515
515
515
514
513
513
511
511
511
509
507
506
505
504
503
503
503
502
501
500
499
498
498
497
496
496
496
497
495
496
494
495
493
495
494
495
495
497
497
501
506
510
518
523
530
535
541
544
543
543
542
540
540
537
536
533
531
528
526
523
520
517
514
512
513
515
516
516
516
515
514
513
513
513
511
510
509
508
507
505
504
502
501
500
499
498
497
495
495
494
493
492
490
490
490
490
490
489
490
490
491
493
494
499
502
505
511
518
524
530
534
534
535
535
535
535
534
536
535
533
531
529
527
524
522
518
516
514
512
513
514
515
516
516
517
515
514
512
510
508
505
503
502
501
500
498
497
496
496
496
497
496
498
499
498
499
500
500
499
498
497
497
498
497
497
498
498
502
506
512
514
517
519
523
527
530
534
538
540
540
540
539
537
535
532
529
525
522
517
514
512
511
514
514
514
516
515
515
514
514
513
513
512
511
511
510
509
509
507
507
506
504
501
500
499
498
496
495
495
494
491
490
490
491
492
492
494
494
498
501
506
513
516
520
524
530
533
537
539
541
545
545
544
542
540
539
535
533
530
527
524
520
516
513
510
514
514
515
517
517
514
514
513
512
510
508
508
507
506
505
502
502
500
500
500
500
501
499
499
499
497
496
495
495
495
495
494
494
494
494
495
496
499
502
509
515
517
522
527
532
536
539
542
544
545
544
543
541
541
538
534
531
528
526
522
518
515
512
513
515
516
517
517
516
516
516
514
512
510
509
508
505
504
504
502
503
504
502
502
503
503
501
500
499
498
496
496
495
493
493
494
495
494
493
496
499
502
507
514
517
519
523
527
530
534
536
538
539
540
540
538
539
536
533
531
528
525
520
517
513
512
514
515
516
518
519
519
518
516
516
513
512
510
508
508
506
504
503
502
502
501
499
499
498
498
497
496
496
494
495
496
494
495
495
495
495
496
497
501
505
511
516
519
522
527
531
535
538
540
541
542
542
541
539
537
534
531
528
524
521
518
514
512
514
514
514
514
515
514
513
512
512
511
510
511
509
508
508
507
506
505
504
503
502
502
501
501
500
499
497
497
497
495
496
496
495
494
495
496
497
502
508
514
521
526
533
539
543
547
547
548
548
546
544
538
531
525
521
517
513
511
513
514
513
512
512
513
513
511
513
511
511
511
510
509
510
509
508
506
506
504
503
502
501
501
499
499
498
497
498
498
498
499
498
498
497
497
498
496
496
497
497
498
500
503
506
511
517
524
530
536
541
545
548
549
550
549
545
539
534
530
526
524
521
518
516
515
513
512
514
515
515
515
515
516
514
513
512
511
511
509
508
508
507
506
504
504
504
504
501
500
500
499
499
498
496
496
496
497
496
496
496
496
497
498
498
498
499
500
502
504
508
513
519
526
528
530
533
534
535
536
538
537
537
534
534
532
530
527
523
520
518
516
513
512
514
516
517
517
516
517
516
515
513
512
510
508
508
506
506
505
503
503
502
502
500
500
500
500
499
498
499
497
497
497
496
496
496
495
496
496
498
501
507
513
515
518
522
527
531
534
537
540
541
542
542
540
538
537
534
531
527
523
519
515
512
512
513
514
515
514
513
513
512
511
510
510
510
508
509
507
505
504
503
502
502
502
501
501
500
498
498
497
498
498
496
495
495
495
495
495
496
496
498
501
504
509
515
518
522
525
531
535
538
540
541
541
541
541
538
536
534
530
527
524
521
517
514
512
513
512
514
515
515
514
513
513
512
511
511
509
509
508
507
506
504
504
502
501
501
499
499
497
497
496
495
494
494
493
492
492
492
492
493
493
495
495
498
502
506
513
516
520
525
530
536
539
542
544
546
545
545
543
539
537
534
531
526
523
518
514
512
513
515
515
515
515
512
512
510
510
509
509
507
507
507
506
504
504
505
504
502
501
500
498
498
498
498
496
496
494
493
492
492
492
492
493
493
494
497
498
502
505
511
515
519
522
526
530
535
539
542
542
544
543
541
539
536
534
531
526
523
520
516
513
512
512
512
513
513
513
512
512
512
510
509
509
508
508
508
507
505
504
503
502
501
500
500
499
499
499
497
497
496
496
495
494
495
494
495
496
500
505
509
514
515
519
521
525
529
533
535
537
538
537
537
535
535
533
529
526
522
520
515
512
511
512
514
514
514
515
514
514
514
513
512
511
509
508
508
507
505
503
502
502
502
502
502
500
500
500
500
499
497
497
495
496
494
494
494
496
497
499
503
508
513
516
519
524
530
534
537
539
541
542
544
542
541
539
538
535
531
528
524
521
517
513
512
513
516
515
515
515
514
513
512
511
509
507
507
505
504
503
502
502
502
502
501
501
501
501
500
499
498
497
496
496
494
494
493
493
492
493
494
494
496
499
505
510
514
518
521
527
532
536
538
541
545
544
544
543
542
540
537
534
530
527
522
519
515
511
514
514
515
514
514
514
514
514
513
511
510
509
507
506
504
504
502
501
501
499
498
499
499
499
498
499
499
498
497
496
496
496
495
496
496
496
496
496
497
499
500
503
509
513
514
517
521
525
528
532
536
539
539
540
539
538
537
536
533
531
530
525
521
518
515
513
512
514
515
515
514
513
512
511
510
510
509
507
507
506
506
505
504
502
502
501
499
498
498
497
497
497
497
497
496
495
494
494
494
495
495
497
498
501
506
510
514
518
522
526
530
534
536
537
539
539
538
537
535
533
530
528
526
522
518
515
512
512
513
513
513
514
513
513
512
510
509
507
507
507
506
505
504
502
501
499
499
499
498
497
498
497
497
496
497
497
497
497
497
497
499
500
504
508
513
516
519
523
527
531
536
539
541
542
541
541
539
538
535
532
528
527
523
519
517
513
512
513
514
514
514
513
512
512
511
510
509
508
507
506
505
504
502
501
500
499
499
499
497
497
498
497
497
497
497
496
497
496
495
494
494
494
496
500
505
510
514
517
519
524
528
533
536
539
541
542
543
542
542
541
538
535
532
528
524
520
517
514
512
512
514
516
515
515
514
513
513
512
511
511
508
508
507
506
505
504
503
502
501
500
499
498
497
497
496
495
494
494
494
493
492
493
495
495
496
497
499
503
508
515
515
519
522
527
532
536
538
542
544
543
542
542
540
538
536
534
530
528
524
520
518
514
512
515
516
518
518
520
518
517
516
514
512
511
509
508
506
505
504
503
501
500
499
499
499
498
497
496
495
494
493
492
492
492
491
492
493
493
497
500
504
512
517
521
524
528
532
536
538
540
542
541
542
540
538
536
533
530
527
524
520
516
517
516
515
514
513
512
512
510
509
509
508
507
506
504
503
502
502
501
501
500
499
498
498
496
495
495
494
494
494
494
494
494
495
494
494
495
497
499
502
506
512
518
521
524
527
532
535
536
538
538
538
538
537
533
531
527
525
522
518
516
518
518
517
515
514
512
511
511
510
508
507
505
504
502
502
501
499
499
498
497
498
500
500
500
500
499
499
500
499
500
500
500
499
498
498
497
497
498
501
504
511
516
523
528
535
539
543
546
547
546
545
543
541
537
534
528
521
514
510
509
507
505
505
505
504
504
505
505
504
504
502
502
501
502
501
501
499
498
499
497
496
496
497
497
495
494
495
494
495
494
493
493
491
489
489
487
487
487
488
489
491
495
501
505
511
519
525
532
536
538
539
539
539
537
535
533
529
526
522
513
506
503
500
497
496
497
498
498
500
501
503
505
509
511
513
514
515
515
516
516
515
515
514
512
510
509
507
507
504
503
501
500
498
495
495
494
492
492
493
493
494
496
498
501
507
514
519
527
529
530
533
535
536
538
538
537
535
534
531
530
527
526
527
526
525
522
518
515
513
510
509
508
508
506
506
505
504
505
504
503
502
501
500
501
499
499
498
497
498
497
496
495
495
495
495
495
494
493
492
492
491
491
493
496
498
502
508
513
521
527
532
537
540
543
544
545
544
542
540
537
534
531
526
524
519
515
511
508
507
503
502
501
501
501
501
501
502
504
503
502
504
504
503
503
504
503
502
502
502
501
501
501
499
498
497
495
495
494
493
492
492
493
492
493
495
497
501
505
511
517
523
529
531
534
536
537
538
539
537
536
534
532
529
527
529
530
528
526
523
520
517
513
511
508
507
505
504
503
503
503
503
503
504
504
505
504
503
502
503
502
501
500
499
498
498
497
495
494
494
495
493
493
492
492
492
492
492
492
493
494
495
499
503
509
516
522
530
535
540
543
544
544
544
543
541
538
535
532
527
520
516
511
511
511
510
509
508
508
508
507
506
506
506
507
507
506
507
507
507
506
505
506
504
503
503
502
502
501
500
499
498
497
496
494
494
494
493
494
493
493
493
494
496
498
500
505
510
516
522
528
533
537
540
541
542
543
542
541
538
536
531
528
524
520
514
510
507
506
506
505
505
505
504
505
506
507
507
507
507
507
506
506
505
505
507
506
505
503
502
501
500
499
499
499
498
497
496
495
495
495
494
495
496
497
500
503
507
511
517
524
529
531
532
533
534
535
535
536
535
535
533
531
528
528
529
527
525
523
520
518
515
512
510
507
507
506
505
505
505
505
505
505
506
505
506
506
505
504
503
502
501
499
498
496
496
495
494
494
493
493
493
494
496
498
501
506
511
517
523
528
532
537
539
541
543
542
542
541
539
536
533
530
527
524
521
517
514
510
508
506
505
504
503
503
503
504
503
504
504
505
506
506
505
505
505
504
505
504
503
502
502
501
501
499
498
498
497
497
496
495
494
494
496
499
502
508
513
519
525
531
538
541
545
547
546
547
547
543
538
534
528
522
518
515
513
512
515
515
515
515
516
516
515
514
512
512
512
512
510
509
508
507
504
504
502
502
502
501
500
500
500
499
499
498
497
497
496
496
495
495
494
495
495
497
500
504
508
513
520
525
531
537
541
545
545
546
546
545
544
543
542
538
535
531
521
515
511
510
510
509
508
508
508
508
507
508
508
509
510
510
510
510
509
510
509
508
506
504
503
502
500
500
499
498
498
497
497
496
496
495
495
496
497
497
499
502
505
512
518
523
529
531
532
532
534
535
535
535
534
532
532
531
530
531
532
531
529
526
521
518
514
512
510
508
506
505
505
506
504
505
504
503
503
502
502
501
501
501
500
498
497
495
495
494
492
492
491
489
487
487
489
490
493
495
498
504
510
517
523
530
534
539
543
546
548
549
549
547
544
542
538
534
529
526
522
519
515
510
507
505
503
501
503
502
503
504
504
506
507
507
506
505
502
502
502
500
499
499
499
499
498
498
495
494
493
492
493
493
493
492
492
490
490
492
491
492
496
501
504
510
517
524
532
536
541
546
548
550
545
540
537
535
531
528
527
523
520
516
513
513
512
512
514
516
517
518
518
515
515
513
512
511



