Serial Number - 52
Age - 40
Medical Condition - Pre Lunch
Time of Day - 1:03PM
BP - 131/64


0
498
501
504
501
500
499
500
503
502
501
505
506
509
511
514
514
516
520
524
8
505
506
504
503
502
501
498
501
504
501
500
499
500
503
502
501
505
506
509
511
514
514
516
520
524
0
545
506
476
456
446
438
438
440
447
453
462
470
479
485
495
498
505
506
510
510
511
508
509
505
506
504
506
503
505
503
505
502
503
500
502
502
503
500
498
496
496
497
500
504
507
510
515
520
522
526
526
529
530
535
532
534
531
531
528
529
526
526
522
522
516
517
513
513
511
512
509
509
509
510
509
510
508
510
507
507
506
510
508
506
506
504
503
503
503
501
505
504
506
504
506
505
506
503
504
501
503
500
502
500
502
500
504
503
506
506
510
510
514
515
520
520
522
522
527
527
531
530
532
529
526
524
520
519
518
517
516
514
514
516
512
518
514
515
514
512
510
513
512
514
512
514
511
512
509
509
505
505
503
504
502
503
501
503
502
504
501
504
502
504
502
504
503
501
500
499
499
499
497
499
499
501
507
508
514
514
518
519
522
525
529
530
533
532
534
532
533
530
530
526
527
523
524
520
519
516
516
512
512
509
510
506
507
508
509
506
504
502
502
501
499
499
497
499
500
506
503
509
506
508
507
506
504
505
502
503
501
502
500
502
499
501
498
501
499
502
499
503
501
503
502
506
506
509
511
516
517
521
521
527
527
527
527
527
524
523
524
524
521
520
521
521
522
519
520
516
515
511
515
513
514
510
510
506
505
501
502
500
500
499
500
498
502
500
502
501
503
501
503
501
503
502
505
502
500
497
497
498
498
498
497
497
498
504
503
503
500
500
496
497
493
494
491
492
490
492
489
492
492
496
495
499
500
504
504
508
506
508
507
509
507
507
505
508
505
507
503
501
503
500
503
500
499
500
501
504
506
506
510
509
511
509
511
508
510
508
508
506
507
504
505
502
504
500
502
500
502
501
503
502
503
501
504
503
505
504
502
500
504
504
507
508
508
509
506
508
504
506
505
511
512
519
521
523
521
524
522
525
524
526
525
526
525
526
523
524
520
520
517
518
516
515
513
514
511
512
510
511
509
509
507
514
515
515
513
518
512
513
509
510
506
506
506
505
505
505
506
504
506
504
506
503
505
503
504
502
503
501
503
500
504
501
503
501
503
502
505
505
510
509
513
511
517
518
523
524
528
527
529
529
525
524
521
518
517
515
514
517
516
516
514
515
512
514
511
513
511
512
511
514
511
512
510
511
509
510
507
509
509
514
513
515
513
514
511
511
507
507
501
502
497
499
497
494
493
493
491
495
494
497
499
501
503
503
507
508
512
511
516
518
523
523
524
521
523
522
524
522
525
522
525
522
524
521
523
519
519
516
517
513
514
511
517
515
518
516
515
516
514
512
512
510
507
512
508
510
508
509
506
506
504
505
502
502
499
501
499
501
499
501
499
502
500
502
500
503
501
503
502
503
501
504
500
504
502
505
505
507
505
506
506
509
512
515
515
521
524
524
528
531
532
533
533
532
535
532
532
526
523
517
516
511
515
514
516
513
514
512
513
510
512
509
511
508
508
506
508
504
506
505
505
503
505
501
501
498
499
498
499
499
499
499
499
505
504
507
507
507
507
508
505
507
504
505
502
505
503
504
502
506
505
509
510
513
514
514
512
515
514
519
517
522
522
524
523
526
524
522
520
518
517
516
515
517
514
515
516
518
520
516
516
514
514
512
517
516
516
516
518
517
517
514
514
510
509
505
506
504
505
502
503
500
502
500
501
499
501
498
501
500
497
498
496
499
495
498
500
501
501
506
506
509
509
514
515
516
516
522
522
527
527
530
528
531
527
527
524
524
521
521
518
518
514
514
511
512
509
511
507
509
511
512
511
511
509
510
508
506
506
505
509
503
506
509
512
505
509
508
508
506
507
505
507
504
505
503
505
502
503
502
504
502
504
502
504
502
505
504
507
506
511
509
515
515
521
520
522
522
523
523
523
522
525
524
525
523
523
527
526
523
520
520
517
517
514
515
512
512
509
510
507
509
507
508
506
507
506
507
505
508
505
506
505
506
506
507
506
507
506
502
503
500
500
500
497
498
501
498
505
505
508
505
508
508
511
510
513
513
517
517
521
520
525
523
526
525
527
526
528
526
528
526
526
519
517
514
515
512
513
510
517
516
519
517
520
516
515
515
511
509
509
505
505
508
508
509
508
509
506
508
506
508
506
508
505
506
504
506
503
505
502
504
502
504
501
502
500
503
501
504
502
506
504
509
509
513
516
521
519
523
523
526
528
527
528
528
528
529
530
527
527
525
525
522
524
521
522
518
519
516
516
513
514
513
518
517
520
518
519
515
516
513
514
510
512
508
508
505
506
503
504
503
503
501
499
495
498
495
496
498
498
500
501
505
506
510
508
510
507
509
507
509
507
511
510
515
513
517
513
516
514
517
517
521
520
524
524
527
526
529
528
529
527
526
524
523
518
517
514
512
514
515
516
518
517
516
519
518
520
519
520
517
516
513
513
508
509
506
507
503
505
502
503
500
503
501
504
501
505
502
505
503
504
502
505
503
504
502
507
504
506
507
508
510
512
514
517
516
520
521
522
526
526
529
527
529
526
527
523
524
520
520
517
518
516
522
520
522
520
521
517
516
513
516
513
515
512
512
508
509
505
506
504
500
499
497
497
497
498
499
499
498
506
503
506
508
509
509
509
507
508
506
508
504
505
503
505
505
508
508
513
513
517
518
524
526
530
530
534
531
532
529
531
528
528
526
522
519
516
514
509
510
511
508
509
512
513
512
508
510
507
509
507
509
506
512
512
516
514
515
511
512
507
508
505
505
502
504
501
502
499
502
498
501
498
501
500
500
498
498
497
495
497
494
496
499
505
504
509
513
520
520
521
521
524
524
527
526
529
527
530
529
531
529
530
527
528
525
524
520
523
524
526
523
524
521
521
517
517
511
509
509
508
506
506
506
508
509
506
509
507
511
509
509
503
503
504
504
503
504
503
505
503
505
503
505
504
506
504
506
504
507
505
507
506
508
506
508
505
508
508
512
512
515
516
517
517
520
521
523
528
529
537
536
539
536
534
534
536
535
530
526
525
521
522
517
517
513
515
511
512
508
510
507
509
507
508
507
509
507
508
507
510
509
511
509
508
504
503
502
500
501
499
497
499
502
501
506
502
506
507
506
503
505
502
504
502
503
500
503
502
506
506
511
512
517
518
522
522
524
524
528
529
532
530
532
531
531
528
525
522
519
516
514
512
510
513
509
511
511
510
509
514
511
514
512
513
511
512
509
511
507
509
506
508
505
505
502
502
500
501
499
499
498
500
498
500
498
501
498
500
498
498
497
497
497
496
500
502
505
506
514
517
520
522
521
526
532
533
537
535
537
534
535
533
532
529
529
524
523
518
519
515
514
511
511
508
509
506
508
507
510
510
512
512
509
507
506
504
503
501
501
499
500
502
502
504
504
507
506
504
505
507
503
505
502
503
501
503
500
502
501
504
502
506
506
511
512
516
517
522
522
525
524
529
529
533
533
531
529
528
526
524
523
522
520
518
519
517
518
515
516
512
514
510
511
509
509
506
508
505
509
505
508
505
506
503
506
503
505
503
505
503
505
503
505
503
505
504
504
504
502
501
499
498
498
498
498
497
497
502
504
509
509
513
515
521
522
527
527
531
530
534
533
532
532
533
530
528
522
522
518
519
516
517
514
515
512
517
517
519
520
520
519
521
518
513
510
508
505
504
504
502
504
502
506
505
509
507
509
508
508
506
506
506
504
504
504
500
502
500
502
500
502
500
502
500
503
501
506
506
510
511
517
518
523
523
527
527
529
527
529
528
526
523
520
520
518
519
520
522
519
518
518
521
518
518
513
514
513
513
510
517
517
519
516
517
514
514
511
511
508
508
504
505
502
503
501
503
500
503
501
503
502
504
501
500
498
498
496
496
496
497
503
503
509
510
514
515
520
518
523
520
524
520
522
521
523
521
524
523
526
524
525
524
524
521
522
518
519
516
516
513
514
512
517
517
518
518
521
519
517
515
513
509
508
506
504
505
503
502
500
505
505
502
501
507
503
505
503
504
501
503
501
502
500
501
499
500
498
500
499
503
504
508
509
514
515
519
517
521
521
525
524
523
523
524
525
524
527
525
526
525
526
522
525
520
521
518
516
515
520
519
519
514
514
509
513
514
516
514
515
512
512
508
508
505
505
502
503
500
501
497
499
497
500
497
496
495
495
495
496
500
498
496
498
504
502
507
505
506
506
508
511
516
515
521
522
527
528
532
531
534
532
534
533
534
531
532
529
530
526
526
523
522
517
518
515
515
513
510
506
505
505
505
506
505
506
506
512
508
511
510
509
508
508
506
507
503
504
502
502
500
502
500
502
500
502
500
501
499
501
498
501
499
501
499
502
500
502
500
502
502
502
502
502
505
509
511
515
518
521
528
529
535
532
535
535
537
532
533
531
530
528
527
524
521
514
512
510
513
512
514
512
514
511
512
510
511
506
508
506
506
504
506
504
505
504
502
500
498
498
498
499
499
499
499
506
504
506
507
508
506
506
505
505
505
504
502
503
501
502
499
500
499
502
500
505
506
511
512
519
519
524
524
525
521
523
520
522
520
517
516
516
514
516
515
515
515
514
518
516
518
514
515
513
514
513
517
516
516
516
517
514
516
512
512
508
509
505
506
503
504
502
502
499
500
498
500
500
501
498
502
500
497
498
498
497
497
497
497
498
499
503
504
510
509
516
517
518
516
520
520
522
522
526
523
527
525
527
524
526
523
523
521
522
518
518
516
520
519
522
517
516
512
509
511
511
512
509
509
509
507
506
510
507
508
504
507
503
502
502
505
504
503
498
504
503
503
499
501
499
500
499
500
498
501
500
503
501
504
503
506
507
511
512
516
518
523
524
525
524
525
525
526
526
528
530
529
532
530
530
525
526
525
521
514
516
516
515
511
508
509
507
506
510
509
512
510
512
510
511
509
509
506
507
505
506
503
504
501
498
497
495
494
494
494
496
496
498
501
502
505
504
507
505
507
505
506
505
504
503
507
510
514
515
519
520
522
521
527
529
533
533
535
534
535
531
533
529
530
527
526
522
517
515
512
510
508
508
508
508
507
510
509
510
508
513
513
513
512
513
509
511
510
508
504
507
504
504
501
502
499
501
499
501
498
500
500
501
500
501
500
501
499
501
499
496
495
494
496
497
499
503
506
510
514
517
523
526
530
535
537
537
539
536
539
534
536
530
530
526
525
521
520
516
516
512
513
508
509
506
507
504
507
505
507
505
507
504
504
502
502
501
501
502
501
502
501
503
502
507
505
510
507
511
508
511
506
506
506
504
504
503
501
502
501
503
502
506
505
510
511
516
518
521
521
525
524
527
527
528
524
525
522
522
520
521
521
521
521
520
521
520
520
518
519
516
514
512
512
509
511
507
509
508
510
508
508
506
507
505
507
505
507
504
505
502
503
501
503
502
503
501
504
502
504
502
502
502
499
497
497
499
498
502
505
511
515
520
522
527
527
531
527
532
529
531
524
524
520
520
518
519
515
517
514
516
513
514
514
519
519
520
519
522
521
522
518
518
514
514
510
506
502
500
498
498
497
497
499
501
502
501
503
502
506
503
505
502
505
502
504
499
502
499
502
500
501
501
504
504
507
508
513
514
517
519
525
527
532
533
536
535
538
534
536
533
530
527
524
522
519
518
517
519
518
518
515
518
514
517
512
514
515
517
513
517
515
515
513
512
508
511
506
507
503
503
500
501
498
500
497
499
497
500
498
501
498
498
497
496
497
497
497
498
502
503
507
507
510
510
513
514
518
518
523
526
529
526
536
537
538
531
533
533
534
530
531
527
527
523
523
519
519
515
515
511
510
508
509
507
507
505
504
502
503
503
502
503
501
503
502
507
504
506
505
506
504
506
505
505
503
503
501
507
508
505
500
501
500
502
499
502
500
501
498
500
499
502
503
508
509
514
516
521
521
525
526
526
525
524
525
522
518
517
516
515
517
516
518
517
518
518
520
517
518
513
514
513
514
514
513
512
517
516
518
517
519
516
517
513
513
508
509
505
505
501
502
499
500
498
496
494
493
493
492
493
494
495
496
502
502
505
504
508
508
513
513
515
516
517
514
524
527
531
531
535
533
534
532
532
529
529
526
526
520
520
516
517
513
514
508
505
507
507
508
507
508
507
507
507
510
509
510
507
510
508
510
506
505
503
503
502
504
502
501
499
499
500
502
500
502
500
502
500
502
500
502
500
501
500
503
502
506
507
508
510
512
514
518
520
522
525
527
532
533
536
536
538
536
534
531
528
524
521
515
516
511
517
515
517
516
517
515
516
513
514
511
513
509
510
506
507
505
506
503
505
502
505
502
501
499
499
499
498
497
498
498
498
504
503
506
505
505
505
504
504
505
500
505
502
505
502
505
506
511
513
518
520
525
524
525
523
525
524
527
525
528
527
529
528
529
527
524
521
522
520
517
516
512
511
515
520
519
523
523
522
520
521
515
516
511
512
507
508
500
503
497
499
497
499
497
499
497
499
497
499
497
498
496
498
496
497
496
498
497
496
495
495
495
496
497
497
500
504
511
512
516
521
527
528
533
532
534
533
537
533
534
532
534
528
531
525
527
524
523
520
521
516
515
511
511
508
509
505
509
508
510
509
507
505
503
502
500
500
500
501
501
503
504
505
504
505
503
503
502
504
501
503
501
504
501
502
498
500
498
501
498
501
499
502
500
503
502
506
506
511
512
517
518
522
522
523
524
524
525
526
525
526
525
525
528
526
526
523
523
520
521
518
519
514
514
512
512
508
508
504
505
504
505
501
505
504
503
502
504
502
504
503
506
503
505
503
504
502
503
500
502
499
497
494
496
495
495
495
494
500
501
503
501
505
505
509
510
515
515
519
522
524
522
526
527
531
528
531
527
528
525
526
522
519
514
513
512
514
514
517
514
515
513
514
511
512
509
505
505
503
501
499
499
499
501
502
506
507
507
506
509
508
511
508
504
501
506
503
502
501
501
499
500
498
500
497
499
498
501
501
505
506
511
512
518
519
523
524
527
527
527
526
526
526
526
526
527
525
524
525
520
519
515
515
511
515
515
521
517
517
513
515
515
512
510
509
506
507
505
506
504
506
503
505
503
504
502
503
501
502
501
502
500
498
497
497
497
499
497
497
497
498
502
500
504
502
503
505
506
511
511
514
516
519
525
527
530
528
530
526
525
522
523
521
522
521
523
521
522
519
521
517
518
515
516
512
513
511
511
513
513
512
512
510
509
509
507
510
510
512
508
510
507
506
504
503
500
506
502
502
498
502
500
503
501
503
500
503
501
502
500
501
498
500
499
503
502
507
508
512
514
519
520
525
525
523
521
521
522
520
522
518
520
523
525
521
522
522
523
519
516
515
519
516
516
512
516
515
519
514
518
517
518
513
514
509
510
506
506
503
504
501
502
499
500
498
494
493
493
492
494
495
493
499
503
507
505
504
501
505
504
509
507
510
511
515
513
518
520
527
527
530
529
531
529
529
527
532
528
528
523
522
519
518
514
514
511
510
507
505
504
502
501
501
503
503
505
506
508
511
515
515
515
512
515
507
509
504
505
502
503
500
490
496
502
503
504
501
503
500
502
488
500
502
505
501
503
502
505
505
508
509
510
512
516
518
520
524
526
532
533
537
534
536
532
531
529
528
525
526
519
518
514
514
510
511
507
508
504
505
502
506
504
508
505
498
509
512
508
509
505
502
500
501
500
502
500
498
496
496
499
499
501
501
505
503
505
504
506
502
501
500
505
500
502
500
501
502
511
511
515
515
519
518
519
520
526
527
531
530
531
531
537
535
535
530
528
525
521
514
512
515
513
510
509
511
508
510
508
506
507
506
507
512
510
512
509
512
508
509
506
507
494
504
507
510
506
505
501
501
499
500
497
499
497
500
498
500
501
505
501
498
496
496
496
494
496
503
509
512
517
518
523
523
526
527
531
528
530
528
532
528
528
525
526
522
522
518
517
513
519
515
514
510
511
507
509
505
504
501
506
505
508
505
506
509
508
506
504
502
502
502
502
506
507
506
504
504
502
503
500
502
498
499
496
499
496
499
497
499
498
501
501
505
504
509
514
518
517
523
524
527
525
528
524
526
523
520
518
514
513
517
516
514
515
515
514
505
512
512
514
510
506
506
509
508
509
509
510
509
510
508
509
505
507
504
504
502
503
500
502
498
