Serial Number - 61
Age - 21
Medical Condition - Just after lunch
Time of Day - 2:13PM
BP - 121/67



0

484
485
485
485
486
486
486
486
486
484
484
483
485
486
490
495
502
508
0
536
504
477
463
450
446
444
448
450
459
463
474
477
486
491
494
498
501
504
506
506
506
509
508
508
504
506
503
502
499
499
495
495
492
491
490
491
489
490
488
490
488
488
486
487
485
487
486
490
491
496
498
505
509
518
523
529
525
523
523
523
522
523
524
525
527
528
528
526
526
523
522
517
517
512
512
513
520
520
517
516
519
519
521
518
519
514
515
511
510
505
505
501
500
497
497
494
494
491
493
490
488
487
487
488
488
489
491
494
494
498
495
498
498
502
502
508
510
515
519
528
531
539
541
545
545
549
546
548
544
544
540
538
531
530
525
523
517
516
511
510
508
506
501
500
501
500
502
502
504
505
506
506
510
510
513
510
512
508
509
505
505
501
502
498
499
495
496
494
495
492
494
490
492
490
493
491
495
494
498
500
508
513
521
525
530
527
529
534
540
544
545
551
549
550
548
550
546
547
542
541
535
535
528
526
520
519
514
515
510
511
507
510
508
508
506
510
507
507
504
507
503
506
501
503
498
500
496
498
495
493
490
490
489
490
495
494
497
496
498
495
497
493
494
491
493
491
494
492
497
498
504
507
516
519
530
528
538
542
549
550
554
553
556
553
554
548
548
541
540
534
530
525
522
518
516
514
513
513
509
512
512
516
515
517
515
516
514
515
512
512
510
511
508
508
505
505
503
503
499
501
496
497
495
498
496
499
496
497
494
496
493
495
492
491
488
488
487
487
486
487
490
491
493
493
497
498
504
508
516
521
530
536
542
545
550
551
554
552
553
550
547
537
530
523
521
517
515
513
514
512
521
522
527
527
530
528
525
523
521
519
517
516
514
514
513
513
510
510
507
506
502
503
498
500
497
498
496
496
494
496
495
496
495
495
493
494
493
494
492
493
491
492
490
492
490
491
488
490
487
488
486
483
483
484
487
493
498
506
514
514
520
521
531
530
537
538
541
540
543
541
542
539
540
535
534
529
528
522
521
517
516
512
512
514
514
515
521
524
527
526
528
526
526
521
517
513
509
507
503
501
498
497
496
499
496
500
497
500
497
498
496
497
494
496
495
496
493
497
492
495
491
493
490
492
490
491
490
490
488
490
490
496
500
508
515
525
531
535
540
543
548
550
552
552
552
551
553
549
545
534
529
521
518
512
511
512
519
519
524
522
526
521
523
520
523
521
521
517
518
513
513
508
509
503
504
502
502
499
500
496
496
494
490
487
485
483
483
484
484
484
485
491
490
494
493
496
493
496
494
495
492
493
490
492
488
490
486
489
487
493
493
501
504
513
512
518
520
528
531
538
540
546
545
549
546
545
542
540
539
536
534
534
531
528
530
525
524
521
520
516
518
513
516
510
518
516
523
523
527
523
524
519
520
516
515
510
510
504
503
498
499
494
495
490
492
489
490
488
487
484
485
484
484
484
486
485
487
491
491
494
493
494
492
493
491
492
490
493
495
501
506
515
516
520
520
527
529
537
539
546
546
549
548
550
545
545
541
540
536
535
529
526
519
516
515
520
522
524
524
525
528
518
515
516
518
517
518
516
516
512
512
508
508
504
503
500
499
497
497
494
495
492
493
491
492
489
492
489
491
490
491
490
491
489
488
487
486
486
485
485
485
484
485
490
490
492
494
499
504
510
516
526
531
542
545
552
555
559
558
559
557
556
552
551
546
545
538
532
521
514
510
513
513
514
513
514
514
515
513
511
511
509
509
508
508
508
511
509
511
508
511
507
508
505
505
501
502
497
497
494
494
491
492
488
490
488
490
488
490
487
491
491
494
494
494
493
494
491
491
489
489
487
489
489
489
494
498
507
513
516
520
525
531
539
542
547
546
549
545
546
542
542
538
537
531
530
524
523
517
518
513
514
512
521
522
524
523
526
523
525
521
521
517
515
512
511
506
502
499
497
494
491
490
489
489
490
493
492
496
494
497
494
497
494
497
495
497
494
495
492
494
491
493
489
491
488
491
490
496
498
506
512
519
520
532
540
548
553
559
557
557
554
552
549
545
542
539
536
532
533
528
527
522
520
516
515
513
514
511
512
511
506
505
508
507
510
507
510
506
510
506
507
504
506
504
506
503
505
500
500
496
498
494
493
491
490
489
489
488
489
488
488
491
491
493
492
494
492
495
495
501
501
510
515
525
531
537
536
539
539
542
541
546
545
548
546
548
543
546
541
541
536
536
533
539
539
538
536
534
531
529
526
525
518
515
516
515
516
514
515
512
512
509
509
505
506
503
503
500
500
497
498
496
496
494
496
495
496
493
496
494
496
493
495
492
493
491
493
489
489
487
489
491
496
503
513
522
531
536
538
544
546
552
553
557
556
558
556
557
555
553
550
549
544
542
535
534
527
533
534
538
538
539
537
533
522
523
521
525
523
523
521
517
515
512
508
507
504
503
502
500
503
500
502
500
500
499
499
496
495
492
492
489
490
488
490
487
489
486
488
487
490
490
493
494
500
504
512
518
529
534
536
536
541
542
543
546
546
548
548
549
549
549
548
550
546
547
541
540
534
532
531
538
537
541
538
538
534
530
516
517
514
514
512
513
510
509
508
508
506
506
502
502
499
499
498
498
498
494
493
492
492
490
491
491
491
491
495
493
495
492
495
492
495
493
498
498
505
509
518
524
533
531
536
537
542
543
548
547
550
548
551
547
549
546
543
541
539
534
533
530
533
536
539
539
539
538
530
521
519
523
520
524
520
522
518
517
513
513
508
508
504
503
498
499
496
499
495
498
495
497
494
495
492
495
492
494
491
493
489
491
488
490
487
488
489
493
499
507
516
527
535
536
542
545
552
554
558
559
562
560
560
556
557
552
552
545
546
539
538
529
536
537
542
538
540
535
537
526
524
519
520
517
518
513
509
507
505
503
502
500
500
501
501
501
500
501
500
500
498
498
496
497
493
493
491
492
489
491
488
489
488
489
485
488
485
488
487
492
495
503
510
521
531
537
538
544
545
551
553
554
555
556
555
557
557
559
561
559
560
555
554
548
544
538
534
534
539
540
543
541
542
530
522
521
520
518
519
516
516
512
511
508
507
503
503
498
499
496
496
494
491
490
487
486
486
486
486
484
487
489
490
492
491
493
490
492
488
489
486
488
486
489
490
494
498
508
515
528
535
538
539
545
546
551
552
556
556
558
557
558
556
556
552
548
544
539
536
533
537
541
541
541
543
540
541
537
535
529
519
514
513
511
509
507
508
503
503
500
501
498
497
494
494
493
493
491
493
490
492
491
491
489
489
486
488
486
483
483
480
481
480
481
480
481
481
482
482
487
486
492
493
503
509
519
526
533
537
547
551
559
561
565
563
564
561
561
556
555
550
546
541
538
532
530
525
523
519
518
513
511
509
508
507
507
505
505
506
506
511
509
513
510
512
508
508
504
504
499
500
495
495
491
494
490
492
488
489
486
488
486
488
485
488
485
488
484
487
483
485
482
484
483
482
483
487
492
499
509
519
529
540
543
544
549
549
553
553
555
552
554
550
550
546
547
542
541
535
539
538
541
538
540
535
535
529
529
523
522
517
515
509
510
505
507
502
499
496
495
493
492
490
489
488
488
490
488
490
488
489
487
488
486
486
483
484
481
482
480
481
479
480
477
479
475
477
475
478
477
482
484
490
496
508
516
527
534
545
549
555
550
545
544
542
541
541
541
542
540
540
543
542
542
538
537
532
530
524
523
518
516
512
516
519
523
522
526
523
523
520
519
515
514
507
506
499
501
495
497
491
492
489
490
486
484
482
485
482
482
480
481
481
480
484
483
486
486
486
485
486
483
484
482
484
482
485
486
492
497
506
513
517
519
526
530
538
542
550
549
553
553
555
552
552
548
547
543
540
534
532
527
520
516
512
515
518
520
520
525
527
527
526
525
522
521
517
515
510
508
505
502
498
497
494
494
489
489
488
487
485
486
483
485
483
485
483
484
483
484
482
484
483
485
484
482
481
479
478
477
477
476
481
483
488
491
500
506
518
525
536
542
550
553
558
557
559
556
554
551
550
546
539
527
519
511
514
514
517
515
517
513
514
510
512
509
510
507
507
505
502
501
499
499
497
497
496
495
495
497
495
498
495
497
492
493
488
489
486
488
485
486
484
485
481
485
481
483
481
483
481
482
480
481
479
480
479
481
482
486
489
498
503
509
514
515
519
522
526
530
534
537
543
541
544
540
542
536
536
530
529
523
522
516
516
511
518
514
519
517
520
517
519
514
514
510
510
506
506
501
501
497
499
496
497
494
492
489
487
486
485
485
485
486
486
490
490
492
491
494
491
491
488
489
486
487
484
486
483
487
486
493
496
507
512
518
517
523
525
532
534
540
539
543
541
544
541
542
538
533
529
525
522
518
514
514
519
521
526
525
528
527
528
523
517
509
510
508
508
504
506
501
502
498
499
495
495
492
494
491
493
489
490
487
489
486
488
486
488
485
489
484
483
482
481
479
479
480
481
481
485
490
495
504
510
520
523
527
528
533
536
541
542
546
545
547
545
545
540
541
537
537
533
531
527
526
520
527
528
531
530
528
517
513
510
511
512
512
513
512
511
510
508
507
508
507
507
504
504
501
499
495
494
491
491
489
490
488
489
488
488
486
487
485
486
485
486
485
486
483
485
484
487
489
496
501
511
518
524
525
526
530
533
537
541
543
544
549
548
551
548
549
545
543
538
536
532
529
524
522
522
527
529
532
531
531
528
520
513
513
512
512
510
510
505
506
502
503
499
495
493
490
490
487
487
486
486
486
490
489
492
490
494
491
494
491
492
489
490
487
488
485
486
483
486
484
488
490
498
504
513
519
526
525
530
533
537
540
544
545
546
545
543
540
537
535
533
531
527
524
528
535
535
538
534
535
530
531
525
521
510
511
508
509
505
506
504
504
501
501
497
500
496
498
494
496
493
495
492
493
490
492
489
491
488
486
485
484
484
484
483
483
484
484
487
485
487
486
489
489
494
496
504
508
519
525
530
529
533
532
539
539
542
540
543
538
539
536
537
532
533
528
526
527
533
533
534
530
528
524
522
520
518
516
511
510
509
512
509
510
507
508
504
504
502
501
498
498
494
496
493
495
492
492
490
492
489
492
489
492
489
492
489
491
487
490
486
488
485
488
486
488
489
494
500
510
520
527
528
531
538
540
546
547
550
549
550
548
547
543
544
539
538
532
532
526
524
524
529
530
532
530
531
528
520
514
516
515
515
511
513
509
511
507
503
500
498
496
494
495
494
490
490
492
491
493
492
494
493
493
491
490
488
489
487
488
486
487
485
486
485
486
487
491
494
501
507
518
525
531
531
536
537
542
543
547
545
545
545
543
542
541
539
539
535
533
536
530
532
528
528
526
532
534
537
535
531
520
516
516
518
516
518
515
514
512
512
507
508
503
502
498
498
494
493
490
491
490
491
490
487
487
486
485
486
487
487
487
487
491
489
493
491
493
491
495
497
503
508
517
524
531
530
536
537
542
544
547
549
552
551
553
549
551
546
546
542
540
535
533
528
527
527
529
532
532
532
530
524
517
517
516
521
517
520
515
517
513
513
508
508
504
504
500
500
495
496
493
495
491
493
491
492
489
492
488
490
488
490
487
489
487
489
487
489
488
485
485
484
484
488
492
498
508
517
527
527
534
535
543
545
550
550
554
552
554
550
551
547
547
541
541
534
532
527
526
525
532
531
536
532
534
530
529
518
517
513
513
509
507
503
502
501
499
498
496
497
495
498
496
499
496
497
495
497
495
495
492
494
490
491
488
491
488
489
486
488
485
487
483
486
483
485
483
487
486
492
495
504
508
520
526
530
529
531
532
535
538
539
540
541
544
543
544
542
542
538
535
530
529
524
531
531
534
532
533
529
529
523
523
518
514
507
507
505
508
504
505
502
502
499
500
496
497
494
494
491
491
489
488
489
489
489
490
493
494
495
493
494
493
493
491
492
490
491
488
488
486
488
489
495
498
506
512
523
526
530
529
534
537
540
540
545
542
544
542
543
541
538
535
532
529
525
524
529
531
534
537
537
538
533
533
517
512
510
512
510
511
508
509
506
507
504
503
499
499
496
497
494
495
494
495
494
495
492
493
491
491
489
490
487
484
482
481
480
480
479
481
482
483
486
485
489
488
491
493
498
502
510
516
525
531
541
545
553
556
562
560
562
559
559
555
553
549
545
541
538
527
520
510
513
512
515
514
513
512
512
512
511
512
512
512
511
515
513
515
513
513
510
510
506
506
501
501
497
497
493
494
488
490
487
488
485
488
484
487
486
487
486
488
485
487
485
486
484
487
485
486
483
485
484
483
484
486
490
495
504
512
521
524
534
538
545
546
551
551
554
550
553
548
548
542
541
535
536
531
531
524
524
519
518
513
513
513
520
522
525
522
527
523
524
520
519
515
509
506
503
501
496
497
494
497
494
497
495
495
491
493
488
492
488
490
487
489
486
489
486
488
487
489
487
488
486
487
483
485
482
485
481
485
485
490
494
504
509
523
530
536
543
549
552
555
555
556
558
554
553
548
545
540
539
533
529
515
511
506
510
507
511
509
511
508
512
510
512
510
512
508
511
508
509
507
509
505
506
502
505
499
499
496
497
494
492
489
488
486
486
484
485
484
481
483
482
483
482
484
482
484
481
487
487
491
490
494
494
499
500
506
509
520
526
534
535
537
534
537
535
537
534
535
530
530
525
526
521
521
517
515
514
517
520
523
522
523
522
521
522
519
519
516
516
513
512
510
509
506
505
502
503
499
500
496
495
492
494
492
493
489
492
490
491
489
490
486
488
486
489
488
490
486
485
484
483
482
483
483
486
489
494
503
511
519
521
534
542
549
552
558
558
561
557
556
552
551
544
542
537
535
528
526
520
518
513
513
508
508
504
506
503
499
500
505
504
504
504
505
505
505
505
505
508
506
507
504
504
501
501
498
497
493
493
489
490
487
489
488
490
487
488
486
488
485
487
486
487
486
486
486
491
493
501
505
515
521
531
531
531
540
548
554
557
559
560
563
559
560
554
553
547
545
537
534
528
524
519
517
513
513
508
510
506
509
507
507
505
507
504
507
505
507
506
507
503
504
502
503
500
496
494
491
491
490
489
488
489
490
494
492
497
496
498
495
496
494
494
491
492
487
490
487
491
491
498
503
514
520
532
537
541
540
544
542
546
544
546
544
546
543
545
542
542
537
534
536
537
537
535
535
531
528
527
527
524
525
520
513
510
512
508
511
507
510
507
508
504
505
500
502
498
500
495
496
493
494
491
492
489
492
489
491
488
490
487
485
484
483
481
481
481
481
481
482
486
488
495
499
508
513
526
526
536
542
551
556
562
561
563
560
559
552
551
544
543
535
534
527
527
521
522
517
519
515
516
513
514
512
509
501
501
500
501
501
502
502
501
504
503
505
504
505
503
503
501
501
499
501
498
499
496
496
492
492
489
490
487
488
486
487
485
488
486
488
485
488
487
493
494
501
506
515
522
529
535
535
534
536
536
539
539
540
542
541
542
539
538
535
533
535
539
537
538
536
535
532
530
525
524
519
518
515
513
508
509
505
506
503
505
502
503
501
502
498
496
494
492
491
490
490
492
491
493
496
496
498
496
497
496
495
492
493
490
490
489
490
488
492
494
503
509
518
526
530
531
535
536
540
541
545
545
547
545
545
543
543
539
535
532
528
526
529
531
534
533
532
534
526
520
515
518
516
516
513
514
511
511
509
509
505
504
501
502
496
498
496
497
495
496
494
494
492
493
490
492
490
491
489
490
488
490
488
485
482
481
482
482
486
489
496
503
517
525
533
536
542
543
549
549
554
553
556
551
553
549
547
544
543
538
537
530
530
525
533
533
537
534
535
532
532
523
516
511
510
508
506
506
505
506
503
503
501
505
501
502
499
501
499
500
497
499
495
496
493
494
490
492
487
489
485
488
484
487
484
485
483
486
485
490
492
499
504
515
523
531
530
535
536
538
539
542
543
545
546
545
550
547
548
545
543
538
536
530
529
525
533
533
538
534
535
530
522
511
514
512
513
510
512
507
509
504
504
501
502
498
499
495
498
495
493
490
489
487
487
486
485
485
485
488
488
491
489
490
487
488
485
486
484
485
484
486
485
492
496
505
510
523
528
532
533
539
539
545
544
548
546
548
543
544
541
540
533
530
526
534
536
536
534
533
529
526
528
523
523
519
514
510
509
506
506
504
504
501
502
500
501
498
498
496
496
494
496
493
496
494
495
491
493
489
491
489
490
488
489
484
487
484
486
481
481
480
482
485
491
497
505
519
527
531
532
536
538
542
543
544
543
545
542
543
540
540
535
534
530
527
527
533
534
535
530
531
527
528
519
511
509
511
510
507
505
504
502
502
501
500
499
498
503
500
502
499
500
499
499
495
496
493
492
490
491
488
488
486
488
486
486
485
486
485
487
488
493
499
508
515
527
526
530
532
538
541
541
544
543
545
544
544
543
541
539
542
536
536
531
529
523
527
529
533
531
533
528
519
511
513
510
513
512
512
510
510
506
507
502
504
500
501
498
499
495
495
494
493
490
487
485
483
483
481
482
482
481
481
486
484
488
486
488
486
489
487
493
495
504
509
520
525
529
529
536
537
545
544
550
550
552
550
552
547
548
543
543
538
538
532
531
525
523
525
527
529
528
530
523
514
513
518
516
519
516
516
512
512
507
507
501
503
497
499
495
496
492
493
490
492
489
491
487
489
487
489
485
488
484
486
484
487
483
485
482
480
480
481
485
491
497
506
515
524
530
533
540
544
548
549
553
552
554
551
553
547
548
544
542
536
535
530
529
524
522
524
530
529
532
529
531
517
515
512
514
510
511
506
503
498
496
493
493
492
492
490
490
492
492
493
491
491
489
489
485
486
485
486
485
486
484
485
482
485
482
482
480
482
480
482
481
485
485
492
496
507
513
526
525
531
532
534
537
539
540
541
540
541
540
539
541
538
538
534
532
527
525
524
527
526
527
525
525
521
521
517
511
507
509
507
509
507
508
505
506
502
502
499
497
495
495
492
488
487
485
484
484
485
485
485
484
488
487
491
488
489
488
489
486
488
486
488
488
490
490
495
498
508
515
522
523
527
531
539
540
546
546
549
548
550
546
546
543
541
536
530
526
521
518
521
524
525
526
526
529
523
518
513
517
515
516
514
512
509
508
506
505
501
502
498
498
496
497
494
495
493
494
491
492
490
490
489
490
488
488
486
487
484
482
481
480
479
478
480
482
485
490
500
507
520
524
529
531
537
540
546
547
551
550
553
549
550
545
544
539
537
533
534
529
530
523
522
522
528
526
530
528
525
513
514
512
510
508
507
506
504
502
502
501
499
503
501
505
501
502
498
497
494
493
488
489
484
486
481
483
480
483
480
482
480
483
480
483
480
483
481
485
485
492
495
505
510
521
523
525
526
530
535
539
542
545
547
548
552
550
552
549
549
544
543
538
535
527
527
521
527
527
531
527
528
523
517
512
514
510
513
509
511
508
508
503
504
500
502
497
498
494
492
489
488
487
486
485
485
487
486
489
488
490
488
489
487
488
485
486
484
485
483
485
484
488
488
495
501
510
516
525
526
530
532
539
542
548
548
552
550
550
546
546
542
538
534
532
527
525
522
526
531
533
536
534
534
530
528
516
515
512
512
510
510
507
507
503
504
500
500
497
497
495
496
493
495
492
493
490
491
488
489
486
487
485
482
480
480
480
480
479
479
480
480
480
480
484
485
487
487
492
496
503
510
520
528
534
533
537
538
543
543
546
545
546
543
543
540
541
537
537
532
529
529
533
533
535
532
528
525
520
518
514
512
509
507
505
507
504
507
503
505
502
502
499
499
496
497
492
493
489
490
487
487
485
487
485
487
485
486
484
486
484
485
483
485
483
484
482
483
481
483
482
482
485
491
498
507
518
527
537
545
556
560
564
556
552
545
542
535
533
526
526
520
519
514
513
512
520
520
524
523
526
522
525
521
522
517
517
514
512
510
510
507
507
502
500
497
494
494
491
491
490
490
488
493
490
494
492
493
491
492
488
490
486
488
485
487
484
486
483
486
483
488
487
495
499
508
515
528
535
542
542
547
547
552
550
552
549
551
546
547
542
538
533
529
526
522
518
515
516
513
516
512
513
511
520
523
529
527
530
526
527
521
520
513
514
507
507
502
502
496
496
492
493
489
490
486
490
486
488
485
487
484
486
484
482
479
480
479
480
479
481
486
489
495
498
507
513
518
520
528
533
542
549
555
557
564
563
565
561
561
557
556
549
548
540
538
530
529
523
520
514
515
512
518
520
522
519
523
520
517
514
513
510
509
510
508
507
505
505
502
502
500
499
497
496
494
493
490
491
489
490
488
489
486
488
484
486
483
483
481
483
483
486
485
493
497
510
518
526
526
533
537
544
549
552
555
555
559
557
556
554
552
547
545
541
539
533
529
524
521
516
521
524
528
519
521
520
522
519
520
517
517
 
