Serial Number - 65
Age - 20
Medical Condition - Just after lunch
Time of Day - 2:25PM
BP - 110/69


0

461
462
462
467
474
484
497
514
529
544
560
576
591
605
615
622
627
631
631
4
463
462
462
462
462
461
461
462
462
467
474
484
497
514
529
544
560
576
591
605
615
622
627
631
631
630
0
468
438
420
408
402
401
404
409
415
425
431
441
446
452
454
460
459
464
462
464
462
464
463
465
466
474
480
494
506
522
534
546
557
571
578
590
593
599
600
602
599
599
593
590
585
582
574
565
557
548
541
534
528
524
522
517
515
510
510
506
507
504
505
503
509
510
513
509
509
503
502
497
495
488
485
476
474
468
467
462
463
459
461
459
461
459
461
459
463
460
460
460
462
462
463
463
464
466
467
469
467
469
466
468
467
467
465
465
463
465
465
471
474
486
496
513
527
543
552
564
572
582
586
593
595
598
595
596
590
590
584
582
575
572
561
553
543
535
528
521
517
512
513
516
520
520
523
520
520
516
513
509
506
499
497
492
490
484
482
476
474
470
469
465
465
462
463
461
463
460
463
460
461
460
462
460
463
461
460
460
460
460
461
462
462
463
462
467
466
469
467
468
466
466
464
466
466
474
481
495
507
522
531
549
560
574
583
595
599
605
606
608
605
604
598
596
589
586
577
573
563
553
545
537
529
524
520
517
515
513
514
512
519
521
524
521
520
516
514
507
505
499
496
489
488
481
479
474
473
468
468
464
466
462
463
460
462
460
464
463
465
464
467
464
467
465
464
463
463
463
462
462
462
462
462
465
464
466
464
467
467
472
476
488
497
514
523
537
551
567
577
590
597
606
608
612
611
612
609
607
602
601
593
591
581
577
566
560
550
544
535
533
526
521
517
513
512
515
517
518
520
517
516
511
510
503
501
494
491
485
483
476
475
469
470
466
467
463
465
462
464
462
465
462
465
463
465
464
466
465
466
464
465
464
466
463
461
460
460
460
460
460
461
465
465
466
465
468
468
474
479
492
503
520
529
545
556
572
582
593
599
607
608
611
608
608
603
601
595
593
585
581
570
566
553
547
539
535
528
527
521
518
514
512
515
519
520
521
519
518
518
513
512
507
504
497
493
486
483
477
476
471
470
466
468
465
466
463
465
463
465
464
468
467
470
468
470
467
470
468
471
469
471
468
470
467
465
462
462
462
463
468
474
485
499
516
526
542
560
575
586
598
606
616
618
623
620
620
615
612
605
601
592
586
577
570
559
553
543
536
528
525
519
518
513
513
512
519
518
517
515
512
509
505
501
497
492
487
486
482
481
476
474
471
471
468
469
464
466
463
464
462
462
460
462
461
463
461
463
462
464
462
465
464
466
465
467
465
467
465
467
465
467
464
467
466
469
474
483
494
510
522
535
557
573
590
601
614
620
627
627
630
627
627
621
617
610
607
596
591
580
575
563
556
544
540
532
530
523
521
517
516
512
514
511
518
517
519
516
516
510
505
500
495
491
486
481
477
473
470
471
468
469
467
469
467
467
464
466
463
465
464
465
462
465
463
464
463
464
461
464
461
463
462
463
460
462
460
463
461
463
461
464
463
464
469
476
488
508
522
535
551
568
584
597
611
619
627
629
631
628
627
622
620
613
611
602
597
588
579
568
561
551
545
536
532
525
523
518
517
512
510
512
518
516
518
514
514
507
501
496
494
487
483
479
475
472
469
470
467
468
465
466
464
465
464
466
464
466
464
467
465
467
464
466
464
467
465
467
465
467
465
467
465
466
464
465
462
464
464
471
476
488
504
519
531
544
560
574
589
600
610
616
624
626
627
623
622
616
612
604
599
589
582
569
561
550
544
535
532
526
523
518
517
512
517
519
522
519
519
515
513
507
506
499
495
489
487
481
480
476
472
469
466
465
464
463
463
461
461
465
463
467
465
468
466
468
465
467
465
468
466
467
465
468
465
467
464
465
463
466
464
467
466
468
466
470
472
484
494
511
520
536
549
565
581
596
609
622
631
636
639
642
644
640
639
633
630
621
612
601
594
581
575
563
558
549
545
538
536
529
527
521
520
515
513
512
516
515
516
510
509
504
502
496
494
489
488
482
478
474
471
469
467
467
466
466
465
470
469
473
472
475
475
477
474
476
472
473
470
471
468
469
467
469
465
468
466
468
464
467
464
467
463
466
467
475
482
496
511
527
541
561
580
599
612
622
631
637
640
642
642
640
640
634
632
624
620
611
604
592
584
571
564
552
544
536
533
526
525
519
520
514
513
512
518
515
516
511
508
502
499
492
489
482
480
474
473
468
466
464
463
462
462
463
462
467
466
466
466
469
468
471
468
470
467
469
466
467
464
465
462
464
461
463
459
461
459
460
457
459
457
460
457
460
459
464
469
484
496
514
525
541
555
569
584
596
607
615
622
624
625
623
624
618
616
609
605
595
589
574
566
554
547
538
533
526
524
517
516
511
517
517
520
516
517
511
511
505
503
496
491
485
482
476
476
471
471
465
463
461
459
459
458
458
459
458
460
464
463
467
465
468
466
468
465
466
464
465
462
464
461
463
458
461
459
461
459
462
459
461
458
460
458
460
459
464
467
478
488
505
518
533
545
567
580
592
603
612
618
622
628
627
629
622
621
614
610
601
595
586
578
566
559
548
539
529
523
515
513
511
516
516
520
519
520
514
515
510
508
501
499
492
490
481
478
467
463
459
454
450
447
445
441
437
436
441
446
451
454
460
463
469
470
474
473
474
470
468
462
459
451
447
438
432
423
417
408
404
399
402
405
415
422
432
435
442
443
448
448
452
452
458
459
465
476
489
505
521
536
556
572
588
604
615
625
628
632
630
629
622
619
611
607
597
591
580
573
561
554
544
538
529
527
520
519
515
513
510
513
511
512
508
510
506
506
502
498
493
490
487
484
481
479
476
475
478
476
477
473
473
470
470
466
466
462
462
459
460
458
460
459
463
462
465
464
467
466
469
467
470
468
470
469
471
468
470
468
470
468
469
466
464
462
462
463
467
472
481
492
506
522
532
547
558
574
583
592
597
605
605
608
606
605
599
597
589
585
576
571
561
554
545
539
531
528
519
518
514
515
511
516
515
517
513
513
507
505
498
493
489
485
481
479
476
474
476
472
473
470
470
467
468
464
465
463
463
461
462
461
463
461
464
462
465
463
467
465
468
466
469
467
469
465
467
464
465
462
463
460
462
460
461
463
469
478
490
506
519
534
551
567
580
594
602
611
615
621
620
622
618
616
609
607
599
595
585
579
567
560
549
540
530
525
517
514
511
515
513
515
513
514
508
508
504
502
497
491
486
482
477
474
471
468
466
465
468
465
468
465
467
466
469
467
470
468
471
470
473
472
475
473
477
474
477
475
478
476
479
477
478
476
479
476
479
478
481
480
482
482
488
492
499
509
518
529
541
555
569
583
593
606
613
619
619
620
615
613
606
602
593
589
579
574
563
557
546
541
532
529
523
522
516
516
512
514
512
518
518
520
517
517
511
509
502
500
493
484
479
475
472
470
467
466
465
464
467
466
468
466
468
466
469
466
469
466
468
466
468
466
468
465
467
466
469
467
469
466
468
465
467
464
467
466
471
473
482
490
505
516
528
537
550
559
566
573
578
582
584
585
586
587
585
584
579
577
570
566
557
552
543
537
531
529
524
525
521
523
521
524
523
524
522
523
520
521
516
515
510
514
510
510
502
501
493
490
482
477
472
467
465
463
462
462
462
464
467
467
470
469
473
470
473
471
473
470
471
468
469
467
467
464
465
463
469
475
488
500
516
525
540
553
569
580
595
603
611
614
617
617
618
612
608
603
598
591
585
579
571
563
555
552
544
541
535
533
528
526
521
521
516
515
511
517
517
518
513
510
502
499
491
488
480
478
470
468
462
462
458
459
456
458
456
458
456
458
456
453
451
450
450
450
450
449
449
449
455
454
456
456
457
454
456
454
456
453
456
455
459
464
473
481
498
511
525
535
551
563
578
586
598
602
607
606
608
603
603
597
595
588
580
572
565
556
549
541
534
527
523
522
518
518
515
514
511
518
519
522
518
518
512
509
503
499
492
489
482
480
474
473
469
469
463
463
460
461
458
459
457
460
458
461
458
460
458
460
458
457
456
457
458
459
459
462
465
465
467
466
469
467
469
466
467
465
466
465
471
475
486
496
513
520
534
546
562
575
588
594
603
604
608
605
606
600
599
590
586
576
572
561
552
544
536
530
525
521
518
516
515
518
518
521
518
519
515
515
511
517
517
518
514
512
506
503
496
493
485
482
476
474
471
470
466
467
464
465
462
465
462
465
463
465
464
467
465
465
464
463
463
463
463
464
464
464
468
467
469
468
471
473
480
487
501
514
526
536
552
565
580
590
603
607
614
614
616
613
612
606
602
594
591
579
573
562
555
545
539
530
523
517
513
513
517
520
521
521
520
522
517
517
511
509
501
498
491
488
482
480
474
472
467
467
463
462
461
462
460
462
460
463
462
465
462
464
461
464
461
463
461
463
460
462
459
458
457
456
455
456
456
456
457
456
460
460
465
470
480
491
509
518
533
545
562
574
589
599
609
612
616
615
615
609
608
601
598
590
584
575
569
559
552
542
536
529
524
516
513
511
518
518
517
516
514
512
511
509
506
505
502
502
497
495
491
490
484
483
479
478
473
474
470
470
466
467
463
464
463
466
465
468
468
470
468
470
468
470
468
470
468
470
468
470
467
465
464
463
462
460
459
457
459
460
464
466
477
486
501
515
527
536
552
562
574
581
589
590
595
592
593
589
588
582
580
573
570
563
559
552
549
542
541
536
535
532
533
530
532
529
527
525
524
522
520
517
516
514
515
521
521
522
518
518
512
510
502
500
492
490
482
480
474
474
470
470
466
468
465
467
465
468
467
470
469
472
470
473
472
475
474
477
475
473
472
472
474
480
489
503
517
528
545
560
579
593
609
620
629
631
635
632
632
625
621
613
607
598
590
580
573
564
558
549
546
538
536
531
530
525
525
521
520
515
515
511
516
514
510
506
500
495
488
482
477
472
467
468
464
465
462
463
461
462
461
465
463
467
466
469
468
471
470
472
470
472
470
472
468
470
465
465
462
463
460
460
456
459
456
460
463
467
479
493
509
523
538
554
571
588
602
614
629
634
640
639
639
635
633
626
621
612
605
593
584
573
565
553
547
537
533
525
523
517
516
513
514
512
520
520
523
520
521
514
512
505
503
497
490
485
481
477
473
470
469
469
468
468
465
466
463
465
463
464
463
464
463
465
463
466
464
466
464
466
463
465
462
465
463
464
462
464
461
464
462
464
462
465
464
468
472
480
489
500
515
525
540
559
577
591
605
615
627
630
634
632
631
625
621
613
608
598
592
581
573
563
556
546
541
533
529
524
523
518
519
514
515
512
519
519
521
518
518
511
509
502
496
490
485
481
475
471
469
466
464
462
461
465
463
467
464
466
465
467
465
467
465
467
465
468
466
468
467
468
466
467
464
467
464
465
462
464
461
462
460
461
459
461
459
465
468
475
488
503
517
529
544
559
574
588
603
612
620
623
624
620
618
611
606
598
592
582
575
563
555
545
539
530
528
521
521
516
516
513
515
512
514
512
520
519
523
519
518
514
508
502
499
492
486
480
476
472
469
466
464
466
463
464
463
464
461
463
461
464
462
465
463
465
463
464
462
464
462
464
461
464
463
464
463
465
462
465
462
465
465
472
478
491
506
520
529
543
556
571
584
598
607
615
624
626
628
624
624
618
615
607
602
592
586
573
564
554
548
539
534
526
524
518
518
513
513
515
521
521
524
520
518
512
510
503
498
489
486
479
478
471
466
463
461
459
458
457
456
456
456
460
458
462
461
464
462
464
464
465
463
466
463
465
463
465
463
464
461
462
460
462
459
461
458
461
460
464
467
477
487
503
515
528
539
554
569
583
596
608
614
619
622
622
624
619
617
611
607
598
590
579
571
560
553
542
536
527
523
516
515
512
518
519
522
520
521
516
516
510
507
500
498
491
489
484
480
476
475
470
465
463
460
458
457
458
457
458
460
464
464
467
465
467
465
466
464
466
462
465
463
465
463
464
462
463
461
463
461
464
461
463
460
463
460
463
463
470
476
489
500
516
524
537
555
568
582
593
604
610
613
615
619
615
614
607
603
595
589
579
573
562
554
544
539
531
526
521
521
518
519
516
518
516
519
515
517
513
514
511
517
516
517
512
511
503
499
490
487
479
473
468
465
462
460
460
459
464
464
465
465
467
466
469
468
470
468
469
466
469
467
469
467
470
467
469
466
467
464
465
464
467
468
476
483
497
511
524
535
553
570
588
600
614
621
625
628
629
628
625
620
616
611
605
600
590
584
572
564
552
546
535
529
521
519
515
514
512
520
521
525
520
521
515
514
507
505
496
494
486
485
479
476
471
470
465
467
463
460
459
458
458
458
459
460
461
462
466
465
468
466
469
468
469
466
467
463
465
462
464
462
464
461
463
460
462
460
465
469
480
491
509
520
537
554
573
587
604
614
626
630
636
635
633
629
624
619
613
607
602
594
586
581
570
564
553
547
538
535
529
528
522
522
516
517
513
512
513
519
518
519
515
513
504
501
494
490
481
479
473
471
466
466
463
464
461
463
460
461
457
456
455
456
456
458
459
460
464
464
465
464
465
464
466
464
466
464
465
463
464
462
464
463
468
472
484
494
513
522
542
556
576
590
607
616
627
630
636
634
635
628
626
619
611
604
596
588
578
569
560
552
543
539
533
529
524
525
521
521
515
515
512
518
519
521
518
518
513
512
505
504
497
494
487
484
478
476
470
469
464
464
460
461
458
460
458
461
459
458
458
459
460
461
462
464
464
466
470
469
472
470
474
472
474
470
469
467
468
467
472
476
487
499
516
529
547
563
583
599
615
624
634
636
640
637
635
629
626
618
615
605
599
587
576
565
555
544
536
530
526
526
522
522
518
519
515
514
511
518
518
520
516
515
509
505
497
493
483
480
472
470
465
464
460
459
457
457
455
457
456
458
457
460
459
463
461
461
460
459
459
459
459
458
458
459
462
461
463
460
462
460
462
459
461
458
460
458
460
459
461
459
463
464
474
482
499
513
529
543
564
583
603
616
631
638
646
647
649
645
644
636
632
624
616
608
599
589
580
569
560
555
546
540
532
529
521
519
513
512
512
518
517
519
515
514
509
506
499
496
488
485
479
476
469
468
463
463
459
461
458
460
458
461
459
462
460
458
457
457
457
458
459
459
464
465
466
465
466
464
465
462
463
460
462
458
460
458
458
456
458
456
458
457
458
456
457
454
457
457
463
469
483
496
515
526
544
562
581
594
609
617
622
626
627
626
624
620
614
609
603
599
592
585
574
566
554
547
536
531
524
521
515
514
513
519
519
521
518
517
512
510
504
502
496
493
487
485
478
476
470
469
464
464
461
459
457
455
455
455
455
456
457
457
458
460
464
464
466
465
467
464
465
463
464
461
463
459
461
459
461
459
460
458
459
457
459
456
458
456
459
459
467
472
486
498
514
523
539
551
565
577
589
601
607
610
612
613
611
611
605
601
592
584
574
567
555
549
538
533
524
522
514
513
513
517
516
519
516
516
512
513
509
508
503
500
494
492
485
484
479
478
473
474
469
469
465
462
461
461
462
463
464
465
469
469
472
471
473
470
470
467
468
465
467
464
465
462
463
460
462
460
462
461
463
461
465
466
476
482
497
509
523
534
552
565
583
597
609
616
623
624
623
620
617
612
607
602
595
589
583
577
566
560
549
543
534
529
522
518
513
513
513
520
519
522
519
519
514
510
504
502
496
493
487
483
477
475
470
468
463
463
459
460
458
457
456
456
457
458
459
459
460
460
463
462
465
463
465
463
465
464
465
462
464
463
464
462
464
462
463
461
462
459
462
462
469
473
486
498
515
525
543
560
581
594
610
618
629
632
633
633
630
625
621
615
608
602
595
590
580
574
562
555
544
539
530
527
520
519
515
515
512
518
518
520
516
515
509
508
501
500
493
491
484
482
476
476
470
470
465
464
461
459
457
457
457
457
458
458
459
460
465
464
467
463
465
463
465
463
464
462
464
461
463
461
463
460
462
460
462
460
462
460
465
466
475
484
499
514
527
539
558
572
589
600
613
619
626
625
623
619
614
607
601
594
586
581
572
563
553
547
537
533
526
524
520
521
517
518
516
517
515
516
512
514
511
517
516
518
513
511
506
503
496
493
486
484
478
477
471
469
464
465
461
458
457
457
457
458
459
461
465
466
469
469
472
470
472
470
472
468
469
466
468
466
471
474
484
495
513
521
541
556
577
592
610
620
632
635
640
637
636
629
625
617
612
602
597
586
577
567
557
549
539
532
526
522
519
520
516
517
514
515
513
519
520
522
518
517
511
508
501
497
490
486
478
476
468
467
461
461
457
458
456
458
456
458
456
459
457
459
458
461
460
460
459
459
460
460
460
460
460
461
465
463
466
464
465
463
464
462
463
460
463
464
472
481
496
512
528
542
564
580
601
616
632
641
651
653
655
653
652
645
642
634
629
620
609
596
586
574
563
554
545
537
532
530
525
523
520
519
516
516
513
513
512
519
519
520
516
514
507
504
496
493
485
482
475
473
466
465
460
461
457
459
457
460
459
463
462
465
463
465
464
463
463
462
462
462
462
462
465
464
466
464
467
464
465
462
465
462
463
461
462
459
460
458
461
463
472
479
496
515
531
547
569
586
606
620
635
644
651
652
654
650
648
639
635
626
616
607
597
587
575
565
556
548
541
539
534
533
527
526
522
520
517
517
512
512
511
517
516
517
512
509
501
498
491
488
481
478
472
471
466
466
461
463
460
463
461
464
463
462
463
463
465
465
465
466
466
466
470
468
471
470
472
469
469
467
467
463
464
460
460
457
459
457
461
463
471
479
495
510
526
540
561
577
601
614
629
637
644
644
645
640
637
628
619
608
600
594
586
576
567
558
549
546
538
535
526
523
518
517
512
512
512
519
520
522
517
514
507
504
496
493
486
483
477
475
469
467
462
462
459
461
459
461
459
462
462
465
464
467
466
466
466
467
468
469
470
470
474
473
474
472
473
469
471
467
469
466
466
464
466
464
465
463
466
464
468
467
474
480
493
506
522
533
553
569
590
604
622
632
643
645
648
645
644
639
632
625
617
611
602
592
583
574
565
559
549
543
535
532
526
523
519
519
514
515
511
519
519
521
518
517
510
507
500
497
489
486
480
476
470
468
463
461
457
459
456
458
456
454
454
455
455
456
457
458
458
458
462
461
464
460
462
459
458
455
456
452
453
450
452
449
452
449
451
448
451
450
453
451
454
453
457
457
463
470
481
493
512
523
540
554
572
584
596
605
613
617
619
619
616
613
607
606
598
595
586
579
569
561
549
544
534
530
522
521
516
516
512
512
513
520
520
523
518
518
512
510
502
500
492
489
481
479
473
472
468
464
460
457
456
456
458
459
461
463
469
468
472
472
474
473
473
471
472
470
471
467
468
466
467
464
466
463
464
461
463
459
461
459
462
462
469
475
489
501
517
527
545
559
577
590
603
609
613
614
614
612
609
605
599
595
589
582
574
566
555
547
536
529
520
516
512
515
513
515
511
512
508
508
504
503
498
496
491
490
485
484
479
479
473
473
469
468
464
465
461
461
459
456
455
455
454
454
455
457
456
458
462
461
464
462
464
463
465
463
465
461
465
462
465
464
466
464
467
464
466
465
468
469
477
483
496
508
523
536
552
565
581
591
603
609
614
617
618
617
616
614
610
606
601
596
589
584
574
568
557
547
538
531
523
520
514
512
510
516
516
518
515
515
511
511
504
502
495
493
488
487
480
479
475
474
469
469
465
466
463
460
458
457
456
456
455
455
455
456
460
460
463
462
464
462
464
463
464
461
464
462
464
462
464
461
462
458
459
456
458
455
458
455
459
458
466
471
484
496
514
523
539
552
570
586
600
607
613
616
617
616
614
611
606
604
597
593
585
579
569
563
552
545
535
530
521
518
511
516
516
518
515
516
512
512
507
504
499
498
492
492
487
486
481
481
