Serial Number - 7
Age - 26
Medical Condition - None
Time of Day - 2:21 PM
BP - 115/73



0

512
507
509
513
518
522
525
527
529
531
532
533
532
530
524
522
1
539
537
535
535
534
533
532
528
519
512
507
509
513
518
522
525
527
529
531
532
533
532
530
524
522
0
454
433
418
408
402
400
401
405
409
416
423
433
442
450
458
467
473
480
485
489
493
495
498
499
499
499
499
499
497
496
496
496
495
493
493
492
491
491
491
492
492
493
494
494
495
496
497
498
498
499
501
501
502
503
504
504
504
504
503
503
502
502
502
501
502
503
504
505
506
507
508
508
508
506
504
502
501
500
501
503
505
508
513
512
517
522
526
530
533
535
535
534
532
528
524
520
517
515
514
513
512
511
511
505
504
504
506
507
509
510
511
513
514
516
518
519
519
519
520
521
523
525
526
526
524
516
514
514
514
514
513
514
513
513
512
512
512
512
512
511
511
510
510
510
511
512
513
512
514
514
514
515
516
515
516
517
516
515
514
513
510
509
507
506
505
505
505
506
508
509
511
513
517
518
519
520
519
519
519
512
510
511
513
514
516
516
516
515
515
515
514
512
511
510
509
509
508
507
506
506
506
506
506
506
505
505
505
505
505
505
506
506
507
507
507
507
508
508
507
507
506
505
505
504
503
503
502
502
502
502
501
501
501
500
499
497
497
496
497
496
497
497
498
499
499
501
501
501
499
498
497
496
496
498
500
502
505
509
512
511
514
517
520
522
524
524
523
522
522
521
519
518
516
516
514
513
513
511
504
501
501
502
503
506
508
509
511
512
514
514
513
512
512
511
511
510
510
510
510
509
508
506
505
504
503
501
500
499
499
499
499
498
498
497
496
496
495
495
495
495
496
496
497
497
498
498
499
501
503
504
505
509
511
513
515
513
514
516
516
516
515
515
516
517
519
521
523
525
528
529
529
531
532
532
531
530
528
527
526
522
521
520
513
505
503
504
506
507
508
509
510
511
510
510
509
509
508
507
507
508
508
509
508
505
505
505
504
504
504
504
504
505
505
506
506
507
506
506
506
506
506
505
506
506
507
506
507
508
508
508
508
509
509
510
509
507
506
505
504
503
504
505
506
507
510
513
516
513
511
513
516
520
521
523
526
528
528
524
517
513
515
517
519
520
521
519
518
517
516
516
515
515
516
517
519
520
521
518
518
519
520
521
521
522
516
516
517
519
520
518
518
520
521
521
518
517
516
515
515
515
514
512
512
511
510
509
508
508
508
507
505
503
503
502
501
502
502
505
506
509
511
513
517
520
519
520
521
522
524
525
526
527
528
529
530
531
530
529
528
525
523
521
517
510
507
507
507
508
510
512
514
516
518
519
520
520
519
519
517
517
517
515
514
514
514
514
514
514
514
515
515
515
514
514
514
514
514
515
515
516
516
517
517
518
517
517
515
514
512
510
508
507
506
507
508
511
514
518
524
528
532
535
538
534
529
524
520
518
518
519
520
523
525
527
528
529
529
529
528
526
524
522
521
520
519
518
517
517
517
517
517
516
516
517
516
516
516
516
517
518
518
518
517
516
516
516
517
517
518
518
519
521
522
524
525
525
525
524
523
522
519
517
514
513
513
516
519
519
520
522
524
527
531
534
536
539
540
541
542
541
541
540
537
534
533
532
529
526
523
520
517
519
521
526
527
527
530
533
536
537
538
538
537
536
533
531
527
523
519
514
510
507
505
504
505
505
507
509
511
513
514
516
516
516
515
514
511
508
504
500
496
493
491
491
492
494
499
503
508
512
517
521
524
522
523
526
528
532
535
538
542
545
547
548
547
545
542
537
530
526
523
521
519
517
516
516
517
517
517
516
516
515
511
510
510
510
510
510
511
512
513
513
513
514
513
514
514
513
512
512
511
511
511
510
509
507
505
503
502
501
501
502
505
509
513
519
523
529
532
532
535
539
543
545
547
548
549
550
549
548
546
543
540
535
530
526
521
517
513
511
508
506
505
505
505
505
505
505
505
506
507
509
510
511
513
515
517
514
515
517
519
521
523
525
526
526
526
525
523
521
518
516
513
512
510
509
508
508
507
507
507
509
509
510
510
510
510
509
510
509
509
509
509
508
508
508
507
506
506
505
505
504
504
505
504
505
505
503
502
500
499
497
496
495
495
495
494
493
493
493
493
494
495
496
498
499
500
501
502
503
502
502
502
501
500
499
499
501
503
506
510
513
512
514
519
522
527
530
533
533
533
533
531
530
528
527
526
525
524
523
522
519
518
513
505
502
503
504
504
504
505
508
509
510
511
512
512
512
512
511
511
511
511
511
512
512
512
512
512
512
511
510
509
508
507
507
506
505
504
502
502
502
502
502
501
502
502
501
501
501
501
501
501
500
499
500
499
498
497
496
496
496
496
495
495
496
497
499
499
499
499
499
499
499
499
498
498
498
498
498
498
498
499
501
501
501
500
501
500
502
503
505
507
510
512
512
514
518
521
523
526
527
527
527
526
525
523
522
520
519
518
517
515
514
513
511
508
507
505
504
504
504
504
504
502
502
502
503
504
505
505
505
506
507
508
510
510
512
513
513
514
514
514
513
512
513
512
511
511
510
510
511
510
510
509
509
508
508
507
507
506
505
505
504
504
505
505
505
505
506
506
505
504
503
503
502
501
502
502
502
503
503
504
505
506
507
507
509
509
509
509
508
508
509
511
512
512
516
520
524
527
530
532
533
534
534
534
532
531
523
515
509
512
516
521
524
526
521
519
519
518
518
516
514
512
511
508
507
508
507
507
506
506
506
506
507
507
507
507
507
507
506
507
507
507
508
508
509
509
509
508
508
508
508
509
509
508
507
506
504
504
503
502
501
501
500
499
500
500
501
500
500
500
498
496
494
492
491
490
491
493
498
502
507
512
512
515
521
525
528
530
531
531
529
527
525
520
508
500
501
504
507
510
512
514
515
515
515
513
511
509
506
504
504
504
504
504
504
504
504
505
506
507
508
509
509
509
510
509
509
509
510
510
510
510
510
510
512
512
512
512
511
510
509
507
505
504
503
502
501
498
498
497
496
496
496
496
497
498
500
501
502
503
504
504
505
505
504
503
503
503
504
505
507
510
512
512
515
519
522
524
526
528
528
528
526
525
522
520
518
516
516
514
511
503
502
502
503
505
507
510
511
513
514
516
516
514
513
513
515
514
515
515
516
515
514
514
513
512
511
512
512
512
512
512
512
511
511
511
509
508
507
507
506
505
505
505
505
505
505
507
508
510
512
514
514
514
513
513
513
512
512
511
511
511
511
511
512
511
510
509
509
508
508
508
510
511
514
516
511
513
518
522
526
524
518
513
516
522
521
519
523
526
529
528
522
517
519
522
523
523
523
523
523
522
518
518
518
520
520
521
522
521
520
520
521
522
518
517
517
518
519
520
521
521
518
518
519
520
520
516
516
517
517
518
517
517
517
516
516
515
515
515
513
513
512
512
513
513
512
513
512
512
511
509
509
509
511
512
516
520
519
521
525
529
533
536
537
538
538
537
535
534
531
528
526
525
524
522
521
524
530
530
528
524
518
513
513
516
517
516
514
512
510
509
509
509
509
509
509
510
510
510
510
510
511
510
510
509
508
508
507
506
506
506
505
506
506
506
506
506
507
506
507
507
507
507
507
508
511
514
517
520
523
524
523
519
514
509
504
502
502
502
504
507
510
512
511
514
518
522
525
527
527
527
526
525
522
514
510
511
511
512
513
513
513
513
513
512
512
512
511
510
509
508
509
509
509
509
509
509
508
509
509
509
509
509
510
510
510
510
510
510
509
510
509
508
507
508
508
507
507
506
506
506
506
506
506
506
507
506
505
506
505
506
505
504
503
503
502
502
503
505
508
512
511
514
518
522
526
530
531
533
534
534
532
531
521
513
508
507
511
517
521
519
521
524
526
528
523
518
520
522
524
523
523
523
523
524
522
520
519
519
520
520
522
523
523
523
524
524
524
520
520
520
522
523
522
522
523
525
526
524
521
522
524
526
526
522
524
526
529
529
524
525
528
530
533
529
526
530
532
532
528
528
528
529
529
529
530
531
530
529
530
531
531
531
528
527
527
526
525
523
521
520
519
518
517
516
515
514
512
510
508
506
506
505
505
505
506
506
507
506
507
507
508
508
507
507
506
506
505
505
505
505
505
505
505
505
504
504
504
504
503
502
501
500
499
497
497
497
497
498
499
501
503
504
505
506
507
509
510
509
509
507
506
505
505
506
509
511
511
515
519
523
527
531
533
535
535
536
537
535
534
533
532
528
520
514
509
506
505
508
514
521
525
521
522
525
527
529
527
522
522
523
524
525
526
523
522
522
522
521
521
521
519
516
513
508
503
500
497
495
493
493
494
494
496
497
499
500
501
503
504
504
503
503
503
503
503
503
502
502
501
502
502
502
502
502
502
503
503
502
502
501
499
497
496
495
494
494
496
498
501
506
510
513
512
517
521
524
527
523
516
511
507
505
504
504
505
507
510
513
515
517
519
519
519
519
518
518
518
518
518
517
516
516
516
516
516
517
516
516
515
514
513
512
511
510
510
509
510
510
509
508
508
509
509
510
511
511
512
518
524
529
533
531
522
513
511
513
515
516
516
517
517
516
515
513
511
510
509
506
505
504
503
503
505
506
507
507
508
509
509
509
509
510
510
509
508
507
506
505
503
505
507
508
513
518
521
522
523
525
528
530
530
531
531
531
531
530
530
529
528
527
525
523
521
517
516
513
510
507
506
505
505
505
505
507
509
511
514
511
512
514
515
517
518
519
519
519
520
519
519
518
516
515
513
512
509
508
506
504
503
503
504
503
503
502
501
500
499
498
497
497
497
498
498
499
501
503
504
504
505
505
505
504
503
501
499
498
498
499
503
506
510
513
518
520
524
527
529
531
531
531
531
530
528
527
525
518
509
510
512
514
515
512
511
511
510
509
509
509
509
510
511
511
511
510
509
510
511
511
510
510
510
511
512
512
512
512
512
513
513
512
511
510
510
509
508
507
506
507
508
507
506
506
506
505
505
506
508
508
510
510
510
510
509
508
509
509
510
509
511
512
510
510
513
516
518
519
519
518
517
516
507
506
506
508
509
513
515
514
518
522
527
531
523
515
515
521
524
521
524
528
529
530
523
517
518
519
520
519
519
517
515
512
512
509
509
510
509
509
509
509
509
512
512
512
512
512
512
512
511
512
511
511
510
510
509
510
509
508
508
506
506
505
504
503
503
501
502
502
502
502
503
502
504
506
506
507
506
507
508
509
511
511
511
511
511
511
511
510
510
509
509
508
509
509
509
510
510
509
509
508
507
506
506
506
506
507
510
512
514
518
524
530
532
536
539
542
541
540
540
539
537
529
526
523
521
520
521
521
521
519
507
506
508
507
508
510
512
514
514
517
519
519
520
521
520
519
518
514
513
512
510
509
508
508
509
507
508
508
508
507
507
508
507
508
506
507
507
507
507
508
508
509
508
509
510
510
511
512
514
514
515
514
514
515
513
511
510
507
504
501
500
500
502
504
508
512
512
518
523
528
532
535
538
540
540
539
532
520
511
508
512
518
523
524
522
523
524
524
524
520
519
520
518
518
519
520
523
523
522
521
521
520
520
520
520
518
519
518
517
517
517
518
519
520
519
518
518
517
516
515
514
514
513
513
513
513
512
512
511
510
509
508
508
508
507
507
507
507
507
508
507
507
507
507
507
506
506
505
505
505
505
504
505
505
506
508
509
508
507
506
505
504
505
505
507
509
512
510
513
516
520
524
526
528
528
522
510
507
511
516
518
518
522
525
527
525
515
515
516
516
517
518
518
517
517
517
516
515
514
513
512
511
510
509
508
508
508
507
508
508
509
509
509
510
510
511
511
512
513
513
511
511
510
509
510
510
510
510
509
509
508
508
507
506
506
506
506
505
503
502
501
501
499
499
499
500
501
501
501
501
501
502
502
502
502
504
504
504
504
504
504
505
504
505
504
503
502
500
500
499
501
502
504
506
509
511
511
514
518
523
527
529
530
531
531
531
530
529
529
529
529
528
526
524
522
519
516
515
513
511
511
503
503
506
510
515
518
522
526
529
531
532
533
532
530
528
520
514
514
517
518
518
520
521
522
521
522
520
520
519
517
516
514
512
511
510
510
509
512
514
515
515
515
514
513
512
510
510
509
507
506
506
505
504
503
502
503
501
500
498
495
494
493
494
495
498
501
505
509
512
516
520
524
526
527
515
512
517
521
524
522
519
520
522
523
523
520
521
521
521
521
521
521
520
520
518
517
516
515
514
513
513
512
512
512
511
510
508
507
505
503
501
500
498
496
496
496
495
496
496
497
497
498
498
499
500
501
503
504
505
504
504
503
503
501
501
500
499
499
498
498
498
499
499
500
500
499
498
497
497
498
501
504
507
511
512
515
519
522
524
526
528
527
527
526
525
524
523
514
503
505
509
513
516
519
519
514
515
517
520
521
515
518
520
522
525
518
521
524
526
529
524
522
527
530
533
528
526
528
530
531
527
527
527
527
526
526
526
528
530
528
530
535
539
544
547
540
533
529
531
538
537
542
545
546
545
533
529
530
529
528
527
527
526
523
520
517
514
510
508
506
506
507
509
511
512
514
516
518
519
519
519
519
518
519
520
519
518
518
517
516
514
512
511
510
508
507
508
508
510
511
512
513
514
515
515
514
514
512
510
508
507
506
505
503
501
500
499
498
498
496
495
494
493
491
490
489
488
488
489
492
496
501
507
513
512
520
527
533
538
543
546
547
547
547
545
543
540
539
536
533
530
525
510
499
501
507
512
517
521
524
528
533
531
522
526
531
534
536
537
532
527
529
530
533
532
531
530
530
531
529
529
528
527
526
525
523
522
521
520
519
519
518
519
518
519
518
517
516
515
514
512
510
509
508
508
508
508
508
508
508
507
506
505
503
501
500
499
500
500
501
502
502
502
502
502
502
502
501
501
501
502
504
506
509
511
510
513
518
523
528
533
538
543
536
531
529
530
532
535
540
546
551
557
561
563
564
564
562
560
557
553
550
547
544
541
539
537
535
534
533
532
531
531
530
529
529
528
528
528
527
527
526
525
524
522
522
519
518
516
515
513
511
513
520
526
529
531
525
514
512
513
514
513
512
510
507
505
504
502
501
501
500
500
500
501
501
500
499
498
498
499
501
503
504
508
511
515
519
522
521
523
526
528
530
530
531
531
531
530
529
528
526
524
521
517
513
510
507
505
504
502
501
500
500
500
500
501
502
502
503
502
502
502
503
502
502
501
501
501
501
501
501
501
501
500
500
499
499
498
498
499
498
498
498
499
499
499
500
501
502
503
504
505
505
506
506
505
504
504
504
504
504
504
504
504
504
506
507
507
507
506
506
506
506
507
510
512
514
520
525
529
533
536
538
539
540
541
541
540
539
537
536
535
534
533
531
529
527
525
520
505
504
505
506
508
510
513
516
518
522
524
525
525
524
522
520
518
516
514
512
510
509
509
509
509
508
508
508
508
508
506
505
505
504
503
503
503
503
503
504
504
506
508
508
509
509
508
507
507
507
508
511
513
517
519
523
526
527
528
529
530
531
529
519
510
514
518
520
523
523
524
520
519
519
519
518
518
517
516
515
514
514
512
511
511
509
509
508
509
509
510
510
510
509
510
510
511
511
513
514
515
514
514
512
512
511
511
511
510
510
509
508
506
506
505
505
506
506
507
507
508
509
511
511
512
512
512
510
510
509
510
511
512
511
514
517
520
525
528
532
535
526
518
513
511
513
524
523
531
538
542
546
535
525
517
519
522
524
526
526
525
524
523
521
520
518
517
515
511
508
506
505
504
503
503
503
503
504
505
506
507
509
510
511
511
512
511
511
510
509
508
507
508
508
508
508
507
506
506
507
507
508
509
510
511
511
512
512
511
509
510
510
509
509
509
509
510
511
510
513
518
523
528
527
520
516
513
512
512
513
514
516
518
519
520
522
523
525
526
525
525
524
522
521
518
517
516
516
517
517
518
518
516
515
515
516
514
513
514
514
514
514
514
514
515
515
515
515
516
515
515
514
513
512
517
525
531
532
522
513
513
517
519
520
520
519
518
515
513
510
509
509
510
511
514
515
518
521
523
523
524
525
526
526
526
526
525
525
524
523
523
521
516
510
509
509
508
507
505
505
505
505
505
505
505
506
506
504
503
502
501
500
499
498
497
497
497
497
498
499
500
501
502
502
502
501
499
497
494
492
489
486
483
482
482
480
479
480
481
482
482
484
485
487
490
493
496
501
506
511
512
518
526
531
535
532
523
517
513
515
522
523
526
531
534
535
531
520
517
520
523
524
524
523
522
521
521
520
520
519
518
517
516
515
516
515
515
514
514
514
513
512
512
511
511
510
509
508
506
505
503
502
501
500
499
498
497
497
497
497
497
497
497
498
499
501
501
502
504
505
505
506
507
508
508
509
509
510
512
513
516
520
524
527
531
534
534
526
514
507
511
515
519
521
520
521
522
523
522
519
518
517
516
515
515
516
516
517
517
518
520
521
521
522
523
524
525
525
524
524
516
517
517
518
518
518
516
515
513
512
511
509
508
507
506
506
506
508
508
508
508
509
509
509
509
509
508
507
507
507
508
508
509
510
510
511
511
511
510
511
511
511
511
510
509
509
509
509
509
510
510
510
511
510
511
512
513
510
514
518
523
526
521
514
510
517
526
526
521
520
528
535
534
527
522
520
529
530
529
534
537
538
533
524
523
522
520
519
518
517
517
519
519
520
521
521
522
524
525
526
527
528
528
529
527
525
522
519
517
513
510
508
505
503
502
501
500
499
498
496
496
496
496
495
496
497
497
499
500
502
504
504
505
505
505
505
505
505
505
505
505
505
507
510
512
510
514
518
522
526
529
531
533
524
514
507
511
515
520
520
522
523
524
524
516
514
514
514
514
513
514
512
512
511
510
510
510
511
511
511
511
512
512
512
511
510
510
510
510
509
510
509
509
509
508
508
507
506
505
505
505
504
504
503
503
502
502
501
501
500
500
500
497
496
496
496
497
497
498
500
502
503
504
504
506
507
508
509
511
511
513
517
521
523
527
531
532
533
533
525
515
508
503
509
514
519
519
522
524
525
525
514
513
515
516
517
517
518
518
517
517
517
517
518
518
518
519
519
518
518
517
516
514
513
510
509
508
507
504
503
501
500
499
498
498
498
499
499
500
500
501
502
502
502
501
500
500
500
500
500
501
500
500
499
499
499
498
498
497
498
497
495
495
495
495
495
495
495
497
499
500
504
507
511
511
515
519
523
524
527
527
525
523
520
518
514
512
510
508
501
500
500
500
500
500
500
501
504
504
505
506
506
509
511
512
515
514
514
513
513
512
513
512
513
514
512
509
506
507
509
509
510
512
509
510
510
510
511
510
510
511
512
512
508
506
506
506
505
505
503
503
503
503
504
504
506
509
509
511
513
516
520
522
524
524
524
520
507
506
511
515
519
516
518
519
521
520
517
515
514
514
512
512
510
510
510
510
511
512
512
511
510
510
509
509
508
508
508
508
509
509
508
509
509
509
508
507
507
505
505
503
503
503
503
503
503
503
503
503
502
501
500
498
496
497
498
499
502
506
510
515
512
514
519
525
531
527
519
512
515
522
524
520
524
529
531
529
518
518
519
520
519
519
519
518
518
515
514
513
512
510
510
509
508
509
510
510
511
512
512
512
511
511
511
511
512
512
512
513
513
511
509
507
507
507
506
505
504
504
503
504
505
506
508
509
510
511
511
511
511
511
511
511
513
516
520
526
526
517
514
512
513
515
517
519
520
522
524
524
526
526
526
527
526
526
524
524
522
520
518
515
514
512
511
511
511
511
512
511
512
511
513
513
514
515
514
514
515
515
515
515
516
515
515
514
513
512
512
515
526
532
537
526
517
511
517
522
524
523
524
525
525
523
517
516
516
517
515
514
514
514
514
514


