Serial Number - 75
Age - 45
Medical Condition - Post Lunch
Time of Day - 3:33PM
BP - 122/79



0

482
480
478
477
475
474
473
472
472
0
549
539
527
520
514
508
506
504
501
497
494
492
490
488
486
485
482
480
478
477
475
474
473
472
472
0
579
554
532
520
509
507
505
508
508
514
516
520
521
523
522
524
520
516
512
507
504
500
496
495
493
492
494
491
493
489
489
485
484
480
481
478
478
475
478
475
478
474
476
475
477
474
477
476
479
478
482
481
487
491
501
507
517
521
529
535
543
548
553
556
560
564
566
566
565
563
559
558
551
548
540
534
525
520
511
513
509
508
503
503
497
496
490
489
485
484
481
482
479
481
479
480
477
479
476
478
476
479
476
478
475
474
474
473
474
477
482
487
495
501
515
520
531
539
549
555
563
566
572
573
578
576
576
572
570
562
559
549
543
533
528
519
515
509
510
505
504
498
498
492
493
488
488
484
480
477
479
477
476
473
473
472
472
476
476
480
478
480
479
480
477
481
479
483
485
492
496
508
514
523
528
539
545
554
558
567
571
577
577
580
577
577
572
569
561
556
545
536
524
516
510
507
504
501
498
496
497
493
493
489
489
486
486
482
483
481
482
478
480
476
478
476
478
475
477
475
477
474
475
473
476
475
480
481
490
494
505
511
519
524
536
540
550
555
560
565
569
571
574
575
574
575
572
570
562
558
547
541
532
526
517
513
507
507
502
500
495
494
489
488
484
484
480
481
476
477
475
477
475
477
474
476
474
476
474
477
474
477
475
474
472
473
474
477
482
485
489
495
507
514
522
527
537
543
554
559
568
571
577
577
579
576
576
569
566
558
554
544
539
529
525
516
512
508
507
501
501
495
495
490
491
486
483
480
477
475
473
472
472
471
471
475
475
478
477
480
478
480
478
479
477
479
476
478
477
482
482
491
496
506
513
520
524
534
539
549
553
561
563
569
569
572
569
570
564
558
551
544
534
527
520
513
509
508
509
505
504
500
499
494
493
489
490
486
487
483
484
482
482
480
481
477
479
477
479
477
480
479
481
479
480
479
482
480
483
484
491
494
500
506
514
520
527
533
540
547
552
560
563
568
567
570
567
565
560
555
547
542
534
528
519
515
509
509
505
505
500
499
494
494
490
490
485
485
482
483
480
482
479
481
478
477
475
475
474
474
474
474
475
476
480
480
485
487
495
500
508
514
521
525
534
539
547
551
559
562
567
567
571
568
569
564
562
555
551
542
536
527
524
515
513
509
510
506
505
500
496
492
490
488
486
485
484
486
485
487
484
485
483
483
481
483
480
482
479
480
478
480
479
484
487
496
502
512
517
526
531
541
546
555
559
567
568
574
574
576
573
573
567
563
554
545
537
528
520
514
510
509
510
507
505
500
499
494
492
488
488
484
485
482
482
479
481
478
480
479
480
478
479
476
477
474
476
475
477
477
482
486
495
500
511
517
527
533
539
546
552
558
564
569
573
578
579
580
577
576
570
566
557
550
540
535
526
518
510
511
506
505
499
498
494
493
489
488
484
486
484
485
482
483
481
482
479
481
478
480
478
480
478
476
475
474
473
473
476
481
490
497
508
516
525
531
541
546
555
561
568
570
574
573
575
572
571
566
563
555
549
539
533
524
519
511
511
506
506
501
501
497
497
493
493
489
485
482
480
478
476
476
476
477
477
480
479
482
480
482
480
481
479
480
478
481
479
481
479
482
483
490
496
505
512
521
527
536
542
552
556
564
566
570
571
573
571
570
566
559
552
545
538
531
524
517
511
510
512
508
508
504
504
499
497
494
493
489
489
485
484
481
481
478
479
477
478
477
479
477
479
478
479
477
478
476
478
475
477
475
478
477
478
480
485
492
501
510
517
524
531
542
548
557
560
566
567
570
568
568
563
560
552
548
539
534
526
520
512
510
507
507
503
502
497
496
491
491
487
487
483
483
481
482
480
482
480
477
476
475
475
475
475
476
476
476
481
480
484
482
484
482
483
482
485
487
494
498
507
512
520
523
531
535
543
546
552
553
558
557
560
556
556
551
549
542
539
531
526
519
512
509
507
505
502
500
498
496
495
497
494
495
492
492
489
489
485
486
483
485
481
483
480
481
478
480
478
480
478
480
478
480
478
481
482
487
491
499
504
514
516
523
526
529
535
539
543
547
550
552
553
552
555
552
551
545
541
533
529
520
517
510
512
509
510
505
504
499
499
494
494
490
491
487
488
484
485
482
484
481
483
481
483
480
482
480
479
478
481
480
479
479
480
484
489
499
504
514
516
523
526
533
537
544
546
552
551
555
553
554
550
551
545
543
537
533
526
522
514
512
509
510
507
507
503
502
497
496
492
492
488
489
486
483
481
479
478
478
477
478
481
481
483
482
485
482
484
480
483
480
483
483
489
492
500
504
513
515
522
525
533
536
543
545
551
551
556
554
557
554
554
548
546
540
536
528
520
513
510
508
507
505
503
502
500
501
498
500
497
498
495
496
492
492
489
490
486
486
483
483
480
481
479
480
477
480
479
481
479
481
479
483
483
490
494
502
507
515
517
525
529
533
538
542
546
549
551
553
557
555
556
552
551
544
542
533
528
519
516
510
512
508
508
503
503
498
497
493
493
489
490
487
488
484
486
483
485
482
484
482
483
481
482
479
478
476
475
475
475
475
475
477
478
484
488
496
500
510
514
521
523
530
533
541
543
549
550
555
554
556
553
554
550
549
543
541
534
531
524
520
514
512
510
512
509
509
505
502
499
497
495
493
491
490
489
488
491
489
492
490
492
489
490
487
488
485
486
483
485
483
484
481
483
480
483
483
487
488
496
500
509
514
520
522
528
530
537
539
544
545
545
546
546
546
545
543
541
537
534
534
529
528
522
520
516
514
510
512
510
512
508
509
504
504
498
498
494
493
489
490
486
486
483
484
480
483
481
484
482
485
483
486
484
482
481
481
482
485
490
495
501
507
516
520
529
534
543
546
552
552
557
556
559
556
556
551
551
542
540
532
529
522
520
513
512
510
513
508
510
506
506
502
502
498
499
495
492
490
487
485
485
485
484
485
484
489
488
491
490
491
489
491
487
490
487
490
490
496
498
507
511
520
525
534
538
545
548
554
555
560
559
562
557
556
550
548
543
541
535
529
522
517
512
512
511
511
511
509
512
510
511
507
507
503
503
499
499
495
496
492
493
490
491
487
488
485
486
483
485
483
486
483
486
485
490
491
499
503
512
518
527
531
537
542
546
551
555
558
560
561
562
566
564
565
560
554
545
541
532
529
521
519
513
511
510
512
508
509
505
506
502
502
498
498
494
494
489
490
486
487
484
485
482
483
480
482
480
482
480
478
477
476
477
478
482
488
500
507
518
525
535
540
547
550
556
559
564
564
568
566
568
565
565
559
557
549
546
537
537
531
529
522
519
513
512
506
506
501
500
496
497
493
491
488
486
485
485
485
485
489
489
491
489
490
488
489
486
487
483
484
482
483
480
481
479
482
480
486
488
495
500
510
515
525
530
540
545
554
557
564
565
568
567
570
566
562
558
554
548
542
533
525
521
515
513
510
513
511
512
509
509
506
505
501
500
496
497
493
494
490
491
487
488
484
486
484
486
484
486
484
485
482
484
480
482
480
482
480
479
478
478
478
479
481
485
489
496
506
513
524
529
539
543
550
554
559
559
562
561
563
561
562
557
555
549
545
535
529
520
516
510
512
509
510
506
507
502
503
499
500
496
497
493
491
488
486
484
484
483
483
482
483
487
487
490
489
491
490
491
488
490
486
487
484
485
481
482
479
480
477
480
478
481
481
486
489
497
502
512
517
526
530
538
540
547
547
545
543
541
541
541
540
539
537
535
535
532
532
527
525
520
518
512
511
510
512
509
510
505
504
500
499
494
494
490
490
488
489
486
488
486
488
486
488
485
486
484
485
482
484
482
484
482
480
478
477
477
475
479
478
481
481
488
492
499
503
511
513
517
519
524
526
532
533
538
538
542
540
542
539
539
535
534
527
525
519
517
511
512
511
514
512
513
509
509
504
501
497
494
493
491
490
489
491
489
491
489
490
488
489
486
487
485
486
484
485
483
484
482
485
484
486
484
486
485
488
488
492
494
500
503
510
512
517
518
523
525
531
531
533
534
535
535
535
538
536
537
532
530
526
523
517
516
511
514
511
512
508
508
505
504
501
501
498
498
495
496
493
494
491
492
490
492
490
491
489
490
487
485
483
486
485
483
483
483
482
483
485
487
495
500
507
511
518
521
528
530
536
537
542
542
544
542
545
542
543
540
541
536
534
526
521
515
512
510
511
509
510
507
508
504
505
501
502
499
496
494
493
492
492
492
492
496
495
496
495
496
493
495
492
494
491
493
490
491
488
490
488
491
493
497
500
506
510
518
521
528
529
533
533
537
538
542
541
544
542
543
541
537
534
531
528
528
527
526
527
523
522
518
517
511
511
507
506
502
502
497
498
495
496
493
495
492
494
492
493
490
491
490
492
489
492
490
491
488
490
488
491
489
493
493
495
498
502
507
513
518
523
532
537
543
545
550
550
554
553
555
553
552
548
546
540
538
531
529
522
517
510
512
509
510
507
508
505
507
504
505
502
503
499
500
498
500
497
498
495
492
491
489
488
487
486
486
485
486
490
489
492
490
493
490
493
492
496
497
504
507
515
519
526
530
535
534
540
541
545
546
550
549
552
550
551
546
546
541
539
533
535
531
526
522
517
514
510
507
504
502
501
504
502
505
501
503
500
501
498
500
497
498
495
496
492
494
491
492
489
490
488
489
487
489
486
488
486
487
486
488
487
492
494
502
505
509
515
520
527
532
538
544
548
552
559
559
563
561
563
559
557
547
542
533
528
521
518
512
511
510
513
510
512
508
509
506
506
503
503
500
500
497
498
495
496
493
494
491
488
487
485
483
482
482
482
482
483
488
488
491
489
491
490
493
493
498
501
508
512
521
525
532
537
543
544
550
551
555
554
557
554
556
552
550
545
543
536
531
522
518
511
510
509
508
507
505
504
502
501
500
499
499
502
499
501
499
499
496
498
494
495
492
493
488
489
485
486
482
483
481
484
482
484
482
485
484
489
491
498
502
511
516
524
529
535
536
541
543
544
546
548
549
550
550
550
552
548
548
543
540
532
534
529
528
522
520
513
512
506
506
501
501
497
498
495
497
494
496
493
495
493
494
492
494
492
493
491
492
489
490
487
485
484
483
483
485
487
491
500
507
516
521
530
534
541
543
549
549
554
554
557
556
557
554
555
550
550
544
542
535
533
524
519
510
510
507
508
505
505
502
502
499
501
498
495
493
492
492
491
490
491
494
494
495
493
495
492
493
490
491
488
489
485
487
484
489
488
495
498
506
510
519
522
532
535
540
540
545
545
550
550
554
552
555
552
552
546
545
540
533
531
529
525
522
522
517
513
510
509
505
505
501
502
499
500
496
496
492
494
491
493
490
492
489
491
487
489
486
488
485
487
485
488
485
488
486
489
490
497
500
509
513
518
523
529
533
538
544
547
551
554
559
559
561
558
558
554
552
546
543
533
527
517
514
509
511
507
509
505
506
502
503
499
501
497
499
496
497
494
494
491
492
489
491
488
489
486
485
483
482
482
483
483
483
483
484
488
488
493
495
502
506
513
517
525
528
535
536
540
539
543
542
544
543
545
542
543
538
538
535
538
533
532
526
524
517
515
510
508
502
498
494
492
491
491
490
491
494
492
495
494
496
494
495
492
493
491
492
489
491
488
489
486
487
484
485
483
484
482
484
483
487
488
494
498
507
510
518
521
528
529
535
537
538
538
539
539
538
538
537
535
534
535
531
531
524
518
511
512
508
509
505
505
500
501
497
497
494
495
492
493
491
493
490
492
490
491
489
490
487
489
487
488
486
487
485
483
483
483
482
482
482
482
483
483
489
492
498
502
509
511
517
518
524
525
527
526
530
529
532
531
534
532
534
530
531
527
527
524
525
522
521
516
516
510
509
504
504
499
496
493
491
489
489
488
489
489
489
493
492
495
494
495
494
494
492
493
491
492
489
490
487
487
485
487
485
488
487
492
492
498
500
507
508
515
516
522
522
527
526
530
529
531
530
532
530
528
526
524
521
519
516
513
514
510
512
510
512
509
510
507
508
505
505
502
502
498
499
495
496
492
493
490
492
489
490
488
491
488
492
492
495
493
495
493
495
493
497
496
496
498
502
505
510
514
519
524
525
529
530
534
534
538
536
539
537
537
534
533
528
527
522
521
520
521
518
519
514
513
508
507
503
503
499
500
497
499
496
498
496
498
496
494
493
491
490
490
491
491
491
492
494
494
497
496
500
501
506
509
515
517
523
525
530
531
536
537
541
540
543
541
544
541
542
538
539
534
533
528
528
521
517
510
512
509
511
508
506
503
502
501
500
500
499
499
499
502
501
503
501
502
500
500
497
498
495
495
492
494
491
492
491
494
495
501
504
510
513
521
524
530
529
535
537
542
542
547
546
550
549
548
546
544
542
538
534
531
528
528
531
528
528
524
524
518
519
516
516
512
512
508
508
504
505
501
502
498
500
496
497
493
494
490
492
489
490
487
489
487
490
489
492
492
493
497
502
508
514
520
526
529
533
541
544
550
552
556
557
559
557
558
555
554
548
546
539
536
529
526
523
525
521
521
516
515
511
510
505
505
501
501
496
497
494
491
489
487
487
486
486
486
486
487
491
490
493
492
494
492
494
492
492
490
492
489
493
494
500
502
510
516
523
527
534
537
544
545
551
551
554
553
552
547
546
541
540
536
535
529
524
518
513
511
511
511
511
509
508
511
508
510
508
507
505
504
500
500
496
496
493
494
491
492
490
491
489
491
488
490
488
490
488
490
487
489
486
488
486
489
489
493
496
499
504
513
517
521
526
530
534
537
541
544
548
546
546
544
545
542
542
538
537
531
530
523
521
515
514
511
514
512
514
511
511
507
506
503
503
499
499
496
496
494
494
491
492
489
491
489
488
488
487
487
486
487
487
491
492
493
492
494
492
494
492
496
495
502
505
511
514
521
520
524
524
529
531
535
535
540
539
542
541
542
540
540
536
535
529
526
521
519
514
511
511
509
509
507
505
504
506
504
506
503
503
499
501
497
498
495
497
494
494
490
491
488
490
488
490
487
489
486
487
485
486
485
489
490
497
499
507
511
517
518
523
525
530
532
533
534
535
536
537
538
538
537
537
539
536
536
531
529
523
520
515
514
511
513
512
515
512
514
510
510
505
505
500
500
496
496
493
494
491
492
489
489
487
487
485
483
482
482
482
482
484
488
492
498
507
511
517
518
525
527
533
535
540
541
543
543
546
544
546
543
544
539
538
531
529
523
521
515
513
512
513
512
515
513
513
508
508
504
501
497
495
494
493
492
491
494
493
495
492
494
492
494
491
493
490
491
488
489
487
491
491
497
498
506
509
514
514
522
522
529
531
537
538
543
543
546
544
545
541
538
535
531
527
524
520
516
517
513
513
513
516
514
515
511
510
505
505
501
500
496
498
494
494
491
493
490
492
488
490
487
489
486
488
487
489
486
488
486
488
486
491
493
500
503
508
513
517
522
527
535
538
541
543
547
547
550
543
543
538
538
533
532
528
527
522
520
514
513
510
513
510
511
507
508
503
504
501
501
497
499
495
496
493
495
492
494
491
489
488
487
487
487
488
488
489
490
493
493
495
493
495
493
496
496
501
503
509
511
517
519
525
526
531
532
536
536
540
537
536
532
533
529
530
526
525
522
522
518
518
514
514
512
512
511
511
509
507
504
503
501
500
503
501
503
500
500
497
498
494
495
493
495
492
494
491
492
489
490
487
490
487
489
487
488
487
490
490
496
499
506
508
515
518
524
525
523
522
522
522
523
524
526
527
527
531
530
532
528
527
522
522
516
516
511
515
513
514
510
512
507
507
502
503
498
498
495
496
492
494
490
491
489
492
488
491
489
490
488
486
485
485
485
485
486
487
489
491
498
500
506
509
512
514
520
521
527
526
529
527
530
528
531
529
532
529
531
527
528
524
524
519
518
512
512
508
509
506
511
511
513
510
508
505
502
500
498
497
496
495
495
498
497
500
499
500
498
500
497
499
496
497
494
495
492
493
491
494
493
499
500
505
507
513
512
519
521
526
527
529
527
530
529
532
530
528
526
525
524
522
520
518
515
513
515
512
513
510
510
507
508
505
510
509
511
508
509
506
506
501
502
498
499
495
497
493
495
493
494
491
493
491
494
491
494
491
495
494
495
496
500
504
509
513
514
515
518
524
525
531
533
536
535
537
535
537
533
534
529
529
524
522
517
517
512
512
510
514
512
515
512
512
508
509
505
506
502
503
500
501
497
495
493
492
492
492
491
491
491
491
494
493
496
495
497
495
496
494
497
497
501
503
509
511
515
513
518
518
523
523
528
528
532
532
535
533
536
533
534
531
531
526
526
521
520
516
512
511
511
511
510
508
506
509
507
508
506
506
503
504
500
501
498
499
497
497
495
496
493
495
492
494
491
492
490
492
489
492
491
494
494
499
501
507
509
514
513
517
518
523
524
525
526
528
529
531
531
533
536
535
537
534
533
529
528
523
524
519
517
513
512
511
514
513
514
509
510
506
506
501
501
498
499
496
497
494
496
492
494
491
493
492
494
492
490
488
489
488
489
489
492
495
499
506
511
515
515
519
519
523
524
529
529
532
532
535
534
536
534
534
531
529
525
524
519
519
514
514
511
515
514
515
512
514
511
511
507
503
500
497
495
492
491
491
490
491
494
494
496
495
497
495
496
494
495
493
496
495
499
500
506
508
514
514
518
519
524
525
530
530
534
534
536
534
536
532
532
