Serial Number - 78
Age - 55
Medical Condition - Post Lunch
Time of Day - 3:41PM
BP - 121/75



0

518
516
514
513
512
515
9
522
525
528
532
534
537
538
540
540
540
539
537
536
532
530
527
524
522
520
518
516
514
513
512
515
0
517
479
451
434
424
421
425
428
437
443
455
463
472
477
486
488
495
496
500
499
502
500
501
498
499
497
499
498
502
501
505
505
511
513
518
520
525
525
531
534
535
537
539
541
542
543
543
542
541
543
539
539
534
533
529
528
523
523
518
515
509
508
503
504
500
501
498
499
497
500
498
501
499
500
497
499
495
497
494
495
492
494
491
489
489
491
493
494
494
494
494
494
497
495
497
495
496
494
495
491
493
491
494
494
499
499
505
507
512
513
519
520
526
528
532
532
536
534
537
536
538
534
531
525
525
520
520
516
517
514
512
513
514
514
513
516
514
516
512
512
508
508
505
505
501
501
497
498
495
497
494
496
494
496
494
496
493
495
492
494
490
493
491
493
490
492
490
492
490
493
490
493
491
491
492
494
496
500
504
508
515
517
521
523
529
529
535
535
540
539
542
540
541
539
539
535
535
530
530
524
524
519
520
514
515
512
517
516
518
513
514
510
510
506
506
503
500
498
497
496
496
494
494
497
497
499
498
499
498
500
497
499
495
497
494
495
492
493
490
492
490
493
492
495
496
502
503
509
511
514
513
518
518
525
526
532
534
539
540
541
541
542
542
541
539
538
538
535
534
529
529
524
524
519
519
514
513
511
515
514
515
514
516
513
514
510
510
506
505
500
501
497
497
493
495
491
492
490
491
488
490
488
486
487
486
487
487
487
488
489
490
494
494
496
495
498
498
503
502
508
510
515
514
522
525
532
533
538
539
543
543
545
544
546
543
544
541
542
537
537
532
531
525
525
519
514
510
505
502
501
504
506
511
510
512
510
511
508
509
504
505
501
502
498
497
495
497
494
496
493
495
493
494
491
493
490
492
490
492
490
493
491
494
492
494
491
493
492
491
491
492
494
497
501
505
511
516
523
526
532
534
540
541
545
543
546
545
545
541
541
536
532
525
524
518
517
513
514
511
517
516
520
517
518
514
515
511
511
508
509
505
506
502
500
497
496
494
494
494
494
494
494
497
495
499
497
500
497
498
494
496
493
494
491
494
493
494
492
494
493
497
497
502
503
509
510
515
516
521
520
522
521
525
524
528
527
527
527
527
528
527
527
527
526
526
528
526
527
523
524
520
519
515
514
511
516
515
517
514
514
511
511
506
507
503
504
500
501
499
499
496
497
494
496
492
494
491
494
491
494
492
490
489
488
487
487
487
488
490
492
499
501
507
509
513
513
520
522
528
529
535
535
541
540
540
537
538
536
538
535
536
532
533
530
530
526
527
522
523
519
520
516
517
514
510
508
506
506
505
504
504
504
504
507
506
508
506
506
503
504
501
502
499
504
503
507
504
504
500
500
496
496
493
494
491
493
490
491
489
492
490
493
491
495
495
501
502
509
510
512
512
513
515
518
523
526
534
536
543
544
548
546
547
544
545
540
540
534
532
527
526
522
521
516
516
512
512
512
517
514
516
513
514
510
511
507
508
504
505
501
502
499
501
497
495
493
492
491
491
491
492
494
494
496
495
497
495
497
494
496
493
495
492
494
491
493
491
493
491
494
493
497
499
505
507
513
512
520
522
528
529
534
535
539
538
541
539
537
535
533
532
529
525
522
520
519
520
519
520
516
518
514
515
513
513
510
511
507
508
505
505
503
505
502
503
501
507
506
510
507
508
505
504
500
501
496
496
493
494
491
489
488
485
486
485
489
489
490
490
494
493
496
494
497
493
496
494
499
498
502
503
508
509
511
513
520
521
526
526
531
530
531
528
531
529
531
528
529
526
527
524
521
519
517
515
513
512
510
511
510
511
508
510
508
511
508
510
508
513
513
514
510
512
506
506
501
502
499
499
495
496
493
495
492
494
492
494
492
494
492
494
491
493
492
494
492
490
489
489
489
490
495
496
499
501
509
510
515
515
519
519
524
525
531
532
538
538
542
541
544
541
543
538
537
533
533
526
526
521
522
518
519
517
518
515
516
512
513
512
512
512
511
511
510
508
508
506
505
507
504
505
503
505
501
502
498
501
497
499
496
499
496
497
493
495
494
494
492
495
493
495
494
496
494
496
495
497
496
499
500
505
506
508
511
513
514
516
520
524
527
532
540
542
548
548
552
550
550
547
547
542
540
534
533
527
525
520
519
514
515
512
513
511
514
514
517
513
514
509
510
506
507
504
506
503
499
497
496
495
494
494
493
494
494
494
494
499
498
501
499
501
498
499
496
497
494
495
492
494
491
492
490
492
491
495
494
499
499
505
507
512
514
521
524
531
532
537
537
542
542
542
541
541
541
540
539
537
533
530
533
529
531
528
528
523
523
519
520
516
516
512
513
508
508
504
505
501
504
501
502
500
507
507
511
508
510
506
507
502
503
499
499
496
493
491
490
489
489
488
489
489
488
493
492
495
495
497
494
497
494
496
494
496
496
501
501
507
507
513
512
519
521
528
530
536
536
539
537
540
539
541
540
542
539
540
535
530
526
523
520
518
516
516
514
514
517
515
518
515
515
513
514
510
511
508
509
507
512
510
512
509
509
505
504
500
500
497
497
493
494
491
494
491
493
491
494
491
493
491
489
488
487
487
487
489
489
490
491
497
497
500
501
506
506
511
512
516
516
522
523
530
532
537
537
542
542
544
542
542
538
538
533
532
527
527
523
523
519
519
516
518
514
511
514
514
514
516
516
516
515
514
516
512
511
509
509
505
506
503
504
500
501
496
497
495
496
493
496
495
497
495
498
495
497
494
496
494
496
493
495
491
493
492
494
492
495
496
496
499
501
505
508
512
516
522
525
533
536
542
543
547
547
550
547
549
546
548
545
544
539
540
534
533
529
528
524
524
518
519
515
517
513
518
518
519
518
521
518
518
514
510
508
505
502
500
503
500
502
499
500
497
497
495
497
495
496
493
495
492
494
491
494
492
493
491
493
491
493
492
493
491
494
493
497
497
502
504
511
512
519
520
523
524
526
527
530
533
536
538
541
547
548
551
549
551
547
546
541
541
536
534
529
526
521
521
519
522
521
521
517
519
516
516
511
512
509
509
504
505
501
502
498
495
494
492
491
490
489
490
491
491
497
497
500
498
500
498
499
496
498
494
496
492
494
491
492
490
493
491
493
491
495
496
500
501
508
510
517
519
524
526
532
533
538
539
540
541
546
546
545
544
543
541
539
536
530
529
525
524
520
521
517
518
516
516
514
516
513
513
512
517
516
519
516
517
512
512
508
507
502
502
498
498
496
496
493
495
493
495
492
494
493
491
490
490
489
490
491
491
496
496
498
497
499
497
499
496
498
495
498
497
500
499
504
505
509
511
515
515
519
519
524
524
530
530
534
533
538
536
539
536
537
534
534
530
526
524
521
518
517
516
515
518
516
518
516
516
513
514
511
517
515
518
515
515
510
510
504
505
500
501
497
498
495
497
494
495
493
495
492
495
493
495
491
493
491
493
489
492
489
488
488
487
487
486
486
487
488
489
496
498
504
505
512
512
518
520
525
526
531
531
536
536
539
538
540
538
540
537
538
534
532
527
527
522
522
518
520
517
518
515
517
513
511
508
506
505
505
507
506
508
507
510
507
509
506
507
504
505
502
503
500
502
499
501
499
504
503
506
503
503
500
501
497
498
495
495
492
494
492
493
492
494
493
496
496
496
497
500
503
508
512
513
516
518
525
529
535
536
543
543
548
548
551
550
552
549
549
546
546
540
539
535
535
531
532
526
527
523
523
518
519
514
514
512
517
517
519
518
515
511
509
506
504
502
500
499
498
501
499
502
500
502
499
501
497
499
495
497
495
496
494
496
493
495
492
495
492
493
490
493
492
494
494
499
500
506
508
513
513
518
518
520
523
526
530
534
536
540
542
545
550
549
553
550
550
546
544
538
537
531
530
524
523
518
518
513
513
512
517
516
519
516
517
513
513
508
507
503
503
499
500
496
498
495
492
490
488
487
486
487
487
488
489
494
494
497
496
498
496
498
497
498
496
497
493
495
492
494
491
493
490
494
494
498
498
504
505
512
512
515
516
521
523
528
530
535
535
536
537
538
538
538
538
537
535
534
537
533
535
530
530
526
526
521
522
518
518
514
514
511
513
514
517
514
515
511
511
507
506
502
502
498
497
493
494
491
493
491
492
489
488
487
486
486
487
488
488
489
489
493
492
495
492
496
494
496
494
497
495
497
496
499
499
504
504
510
511
515
514
519
520
525
527
532
532
536
536
539
537
539
536
536
531
527
523
519
517
514
513
512
515
519
524
523
524
522
518
513
512
511
514
510
512
507
508
504
504
499
500
495
497
493
495
492
493
491
494
492
495
494
498
497
499
498
501
498
496
494
493
492
492
492
493
493
494
499
500
505
507
511
513
519
519
522
521
524
524
527
527
531
531
535
534
538
537
541
539
541
538
539
535
535
531
532
526
526
521
521
517
518
518
517
516
515
515
513
511
509
510
507
508
505
505
501
501
497
498
494
495
492
494
491
493
490
492
489
492
490
492
490
492
490
493
490
493
490
493
491
494
492
494
492
495
494
498
499
500
503
506
509
513
517
521
528
533
538
541
546
546
550
549
552
549
551
547
546
541
538
530
527
521
520
515
516
512
513
512
517
516
519
515
516
513
514
511
510
506
507
504
502
499
498
497
496
496
496
499
498
501
499
500
498
500
497
499
496
497
494
496
494
496
493
495
492
493
491
493
490
492
490
493
491
497
498
503
505
511
512
516
515
522
522
529
530
532
535
536
538
539
540
540
540
539
541
538
538
534
533
528
526
521
520
516
517
513
514
511
516
515
518
515
515
511
511
506
506
502
503
499
501
496
498
496
498
494
496
493
491
490
489
489
488
488
489
489
490
494
493
496
494
497
496
498
496
497
495
498
497
501
501
506
507
511
512
515
513
516
516
521
522
527
527
532
532
535
534
536
535
537
533
529
525
523
520
517
515
513
511
514
516
514
516
513
518
516
517
514
515
511
511
506
506
501
502
497
497
494
495
492
493
491
493
491
493
491
492
490
492
490
492
490
492
490
489
488
488
488
488
489
491
493
495
502
503
509
511
514
517
524
527
534
535
539
539
543
542
545
543
546
543
544
540
541
537
538
532
533
527
526
521
522
518
519
514
515
508
503
503
504
504
505
505
504
504
503
506
504
506
502
503
499
498
494
495
491
491
488
490
487
490
488
491
489
492
490
493
491
494
492
494
492
494
491
493
491
493
492
496
495
496
497
500
504
509
513
519
523
528
537
540
546
547
551
551
553
551
552
547
547
541
538
533
527
518
516
511
515
514
517
515
516
514
515
511
511
508
509
505
506
503
504
500
501
497
493
491
489
489
489
489
490
491
492
497
497
500
499
500
497
498
495
496
493
494
490
491
488
489
486
488
486
489
487
492
493
499
500
506
508
515
517
521
519
523
523
529
529
534
534
535
535
536
536
536
536
536
538
536
536
533
532
527
527
522
521
516
516
511
514
513
514
510
511
506
506
502
503
500
501
497
498
494
496
492
494
492
493
491
493
490
493
491
493
491
489
488
487
487
487
491
491
493
491
493
490
492
489
492
490
493
492
496
496
501
502
508
510
514
513
517
518
522
523
528
529
535
534
538
536
540
539
540
536
536
532
531
526
521
518
515
513
512
513
516
516
517
520
517
518
513
513
509
509
505
505
501
502
498
499
496
498
495
497
494
496
493
496
494
497
495
497
495
497
494
496
494
496
493
494
491
489
488
488
488
490
492
494
497
502
510
514
519
520
525
527
534
536
541
542
546
545
548
547
549
547
548
546
546
541
542
536
536
531
531
526
526
522
522
517
518
514
512
514
515
514
513
512
510
512
510
510
507
508
504
505
501
503
499
501
497
498
494
496
493
495
492
493
491
491
489
490
488
491
489
491
490
492
490
493
492
495
494
498
499
504
504
506
508
511
514
515
516
520
524
528
535
538
544
543
547
545
547
545
545
541
541
536
535
529
529
524
523
518
518
513
514
512
516
516
518
515
516
511
511
507
507
504
505
502
498
496
495
493
493
493
494
494
495
499
498
501
500
502
499
499
497
497
494
496
493
494
491
492
489
491
489
494
493
498
500
506
508
514
513
518
519
524
525
532
533
539
539
540
541
542
543
543
543
542
541
539
541
536
536
531
531
525
524
519
519
514
514
512
515
514
516
512
512
508
508
504
505
500
501
498
498
495
497
494
495
493
495
492
495
492
494
492
490
489
489
489
490
489
490
490
490
495
493
497
495
497
496
499
498
503
503
508
509
513
512
516
517
522
524
530
531
537
538
543
543
547
545
547
544
545
540
541
535
535
530
525
521
517
515
513
512
514
515
516
520
517
519
515
514
510
510
505
505
501
501
497
498
495
496
494
496
493
496
494
495
494
496
494
495
493
494
493
495
493
495
492
494
491
488
486
489
487
487
487
488
490
493
501
504
512
513
517
518
524
525
531
533
539
540
545
544
548
546
548
545
545
541
541
535
534
529
527
523
523
518
519
516
516
514
514
512
517
516
517
514
513
511
509
507
505
503
501
503
501
501
499
500
497
499
496
498
494
495
492
494
491
493
489
493
491
494
491
494
491
494
491
494
492
494
492
495
493
497
497
503
504
511
512
514
515
516
517
520
523
528
534
536
541
541
545
543
545
541
540
535
533
528
528
523
523
519
519
515
515
515
519
517
516
514
516
512
513
509
510
506
505
501
501
498
499
495
493
491
490
490
491
495
495
497
496
497
495
497
495
495
492
494
491
492
491
492
489
492
489
492
491
496
496
501
502
509
510
517
519
522
524
529
530
536
538
542
543
546
546
545
543
542
541
538
540
537
536
532
531
527
527
522
523
518
519
517
522
517
520
518
521
516
516
512
512
506
506
501
501
498
499
495
496
494
496
494
496
493
495
493
491
490
489
488
488
488
488
493
494
495
493
497
495
498
496
499
498
502
503
509
511
517
519
523
523
529
531
537
539
544
545
549
548
551
550
551
549
549
545
544
538
538
533
528
524
521
520
521
521
520
523
518
519
518
520
517
518
514
513
510
509
504
504
500
500
496
497
494
495
491
493
490
491
490
492
490
494
492
494
492
494
493
495
492
494
492
490
489
487
487
487
487
487
493
494
501
503
510
512
519
522
529
531
537
539
544
544
549
548
551
549
552
549
550
547
546
542
538
531
529
523
523
518
518
514
515
511
517
517
520
517
515
512
510
508
507
508
506
503
502
504
501
502
500
501
498
498
495
495
493
495
492
494
491
495
492
494
491
494
492
494
492
494
491
493
490
491
489
492
489
492
491
495
495
497
499
502
506
512
513
516
519
523
531
534
541
543
548
548
551
549
550
547
546
541
540
534
533
528
527
520
520
516
516
512
513
512
517
515
517
513
514
509
510
507
506
501
498
494
493
491
491
490
490
490
491
496
495
498
496
498
496
496
493
495
492
494
491
492
490
491
489
490
488
490
487
490
488
490
488
492
492
498
500
506
508
513
512
516
516
522
523
524
527
529
531
532
534
535
536
536
540
539
539
536
534
530
529
524
524
518
518
514
514
511
513
512
516
514
515
512
513
508
509
504
504
499
501
497
497
494
496
493
494
491
489
488
487
487
487
487
488
488
489
493
493
496
495
497
494
495
492
495
492
495
493
495
493
496
496
502
505
511
512
515
515
521
523
529
530
536
538
543
543
547
547
550
548
547
544
542
538
535
532
529
526
525
526
522
523
520
520
516
516
512
516
516
518
515
515
512
511
507
508
504
505
502
503
501
502
500
502
499
501
498
500
497
499
496
498
495
493
492
490
491
490
490
490
491
490
494
493
495
494
496
496
500
500
504
506
513
515
520
519
523
524
530
532
538
539
545
545
550
548
550
549
550
547
547
542
541
535
534
529
527
521
517
514
511
513
513
514
512
515
512
514
512
512
509
509
506
507
503
504
500
500
497
498
494
496
494
494
492
493
492
494
491
493
491
492
489
491
488
490
488
490
487
490
487
490
487
485
484
483
484
485
488
492
496
500
509
512
516
517
522
522
528
530
537
538
543
542
545
544
546
544
545
540
540
533
533
527
527
522
523
517
518
514
515
511
514
514
518
516
513
510
508
505
503
505
503
503
501
502
499
500
497
498
495
496
493
494
492
494
491
493
491
493
491
493
491
494
491
493
491
493
490
493
490
492
489
492
489
492
490
494
492
493
495
498
501
505
514
519
526
528
534
536
541
541
546
545
549
548
549
546
547
541
539
533
531
526
526
521
522
517
519
515
516
513
514
512
517
516
519
515
515
512
512
508
505
502
501
500
499
498
498
497
497
500
498
500
498
500
497
498
494
496
492
494
491
493
491
492
489
490
487
489
487
489
487
489
487
490
489
491
490
492
491
495
495
501
503
505
508
512
513
515
519
523
527
531
538
539
545
545
549
547
548
545
544
538
538
532
529
524
523
518
517
512
512
511
516
514
516
513
515
512
512
508
508
504
505
500
502
498
500
497
495
492
492
491
491
491
491
492
492
496
496
499
497
499
497
499
496
498
496
498
495
497
494
495
492
494
490
491
489
492
492
497
498
504
505
512
512
516
517
523
526
533
534
536
539
541
544
545
547
547
547
547
549
546
546
541
539
534
533
527
526
521
522
517
518
515
515
511
516
516
520
517
519
516
517
514
515
510
510
505
504
499
499
496
496
493
491
490
490
489
489
490
491
492
492
496
496
499
498
499
498
499
497
498
494
495
491
493
490
493
493
498
498
505
507
513
513
519
521
529
531
539
542
547
548
553
553
556
555
556
553
553
548
544
540
536
532
528
526
523
526
524
523
520
521
516
517
514
515
512
513
511
515
513
515
511
511
508
508
505
506
503
502
498
499
495
496
493
495
493
495
492
495
492
494
492
490
490
489
489
489
489
489
494
494
496
494
496
493
495
494
498
498
503
505
511
513
517
518
524
527
533
536
541
542
544
542
544
542
544
542
543
540
541
538
537
534
534
530
526
522
520
518
516
515
515
518
516
517
514
516
513
515
511
516
514
515
513
515
511
511
507
507
502
502
497
497
493
495
492
493
491
492
489
491
489
493
490
492
490
493
491
490
489
489
488
488
488
490
493
493
496
495
500
500
506
508
514
515
520
520
525
527
533
534
540
540
546
545
549
548
550
547
548
543
542
536
535
529
529
524
524
520
521
518
519
515
515
516
516
515
514
512
511
510
509
511
509
510
507
508
505
505
501
502
499
500
497
498
495
497
494
495
493
494
492
493
491
493
491
494
492
496
495
498
497
499
497
499
497
495
494
496
499
502
506
511
514
517
524
526
533
535
541
544
548
549
553
551
554
551
552
549
548
542
540
534
533
529
528
524
523
519
519
514
515
512
513
512
516
515
517
514
515
512
508
505
502
500
498
497
496
495
495
499
497
499
498
499
497
498
495
497
493
494
491
493
491
493
490
493
490
491
486
484
479
479
478
481
483
490
494
504
508
516
517
525
527
531
535
539
543
547
550
553
555
556
561
560
561
557
555
549
547
540
538
531
530
523
522
517
517
513
514
511
517
517
519
517
520
516
517
512
512
507
507
503
503
499
499
495
495
491
487
485
484
