Serial Number - 79
Age - 24 
Medical Condition - Just after Lunch
Time of Day - 3:44PM
BP - 114/62



0
512
515
516
516
516
515
513
512
510
509
507
506
505
504
503
503
502
502
502
502
0
519
517
516
514
512
512
515
516
516
516
515
513
512
510
509
507
506
505
504
503
503
502
502
502
502
0
527
489
462
443
433
428
428
432
442
448
460
469
479
485
493
496
503
504
509
508
512
510
512
511
516
517
522
524
526
525
531
531
534
533
535
532
534
531
532
529
530
526
522
518
515
510
506
503
502
500
500
504
504
508
507
509
507
510
508
510
507
509
506
508
505
505
501
503
501
503
500
502
500
502
500
503
501
505
504
510
511
517
518
525
526
527
528
528
528
529
530
530
534
532
534
531
532
526
525
520
519
514
513
511
516
514
516
513
514
509
510
506
507
504
505
502
504
502
505
502
504
502
504
501
503
500
503
500
498
497
496
496
496
498
501
504
508
517
520
526
526
529
528
532
530
532
530
532
529
531
527
527
523
523
522
526
523
525
520
520
515
515
510
511
507
508
504
506
503
505
502
500
499
498
498
498
498
500
500
500
505
504
507
506
508
506
508
506
509
509
513
514
519
521
527
527
532
532
536
534
536
534
535
531
532
527
528
524
524
520
519
515
516
511
511
507
504
502
501
501
501
501
502
507
507
510
509
510
508
510
507
508
506
508
505
507
506
507
505
507
504
507
506
510
510
516
518
524
526
531
532
536
536
539
537
539
536
537
533
534
530
526
522
518
513
509
507
506
506
506
510
509
513
511
514
511
513
510
511
508
509
506
508
504
506
502
504
501
502
499
501
498
500
498
500
500
504
506
512
515
522
524
529
528
529
529
530
531
532
534
535
534
534
536
534
534
529
528
524
527
524
523
519
518
514
514
510
510
505
506
503
505
502
504
501
504
502
504
501
503
500
503
500
502
499
501
498
497
496
496
498
500
505
510
515
520
528
531
538
540
545
544
547
544
545
541
540
535
534
529
527
521
521
514
512
507
509
506
507
505
507
505
507
505
506
505
507
505
507
505
507
504
501
499
497
496
495
494
494
495
495
500
500
504
503
507
507
512
513
520
522
528
530
533
531
534
531
534
532
535
532
533
530
530
529
533
529
529
524
522
516
515
509
508
504
501
498
497
497
497
498
499
503
502
506
504
506
503
505
503
505
503
505
502
504
501
502
499
501
499
503
503
509
510
517
518
525
527
533
534
538
537
540
536
537
533
534
529
525
521
516
513
510
508
506
505
504
508
507
510
509
511
509
510
508
509
506
507
505
506
504
505
502
504
501
503
499
501
498
499
496
497
495
499
499
505
507
515
518
525
528
534
535
540
539
538
537
536
535
534
532
530
531
528
528
520
516
511
513
511
512
509
511
508
509
507
508
506
507
505
505
502
503
501
502
500
501
498
500
497
499
497
499
496
498
496
499
498
499
501
505
510
516
521
527
533
537
541
542
545
545
547
543
544
540
540
535
532
526
525
522
523
519
519
513
513
508
506
502
503
501
501
499
501
498
500
498
501
498
501
499
497
495
494
494
494
494
494
499
499
502
501
504
503
508
510
517
519
527
530
536
537
542
542
545
543
544
541
542
538
537
532
531
526
525
520
519
514
510
507
507
505
507
505
502
500
499
498
498
498
497
502
502
504
503
505
503
505
502
504
501
502
499
499
496
498
494
496
495
497
497
502
504
511
515
522
525
530
529
534
533
537
536
538
537
539
535
532
529
528
529
527
525
521
520
516
515
510
510
505
506
502
503
499
500
497
499
496
499
496
499
497
501
499
500
497
499
496
498
495
497
495
497
495
496
494
496
494
498
498
500
503
507
514
518
524
529
533
536
538
539
542
540
541
537
537
532
529
523
521
513
510
507
507
503
505
501
502
499
502
499
502
500
503
500
502
500
502
499
501
499
501
498
500
497
494
493
491
490
491
491
491
491
492
497
498
504
507
514
519
526
528
531
531
535
534
537
534
536
533
533
529
529
526
529
526
527
522
521
515
513
506
506
502
503
500
501
498
496
495
495
494
494
495
495
496
496
501
500
503
501
503
500
502
499
501
498
500
497
500
500
504
506
512
513
520
522
529
529
535
534
537
535
537
534
535
530
530
525
525
520
520
514
509
505
503
500
500
499
499
499
499
504
503
506
505
507
506
507
504
506
503
504
500
501
498
498
495
496
493
495
493
495
494
497
497
503
505
513
516
524
526
533
535
540
540
544
542
541
538
536
532
530
528
525
524
517
514
511
513
510
512
509
510
507
507
504
504
501
502
499
500
497
499
497
499
497
499
495
497
495
498
496
498
496
498
495
498
496
499
497
502
503
505
509
514
519
524
530
531
535
536
539
537
539
536
537
532
532
527
530
527
526
521
519
513
511
506
505
502
502
498
500
497
499
496
498
497
499
497
499
497
499
497
498
496
494
493
492
491
491
495
494
494
494
497
497
502
503
510
512
519
522
529
532
537
537
541
539
542
539
540
536
534
529
528
523
522
517
515
510
509
504
504
500
501
498
500
498
496
496
495
496
496
497
497
499
499
504
502
505
503
505
503
503
500
501
497
500
497
499
497
500
501
507
509
517
520
527
529
534
535
539
539
541
538
538
534
534
529
528
523
518
510
508
506
503
502
501
501
500
501
500
505
504
507
506
509
507
508
505
507
504
506
502
504
500
502
497
498
495
497
495
497
496
498
498
504
505
513
516
524
527
532
532
537
536
536
536
535
533
532
531
529
526
528
532
529
530
525
523
517
515
510
510
504
505
500
502
499
501
498
500
497
499
497
499
497
499
497
499
496
498
496
498
495
498
495
498
498
500
503
508
514
521
527
532
537
540
547
548
552
550
550
547
545
540
539
532
531
524
522
516
514
508
508
504
505
502
505
502
505
502
505
502
505
503
505
502
504
501
502
500
497
496
495
493
493
492
492
493
494
500
502
508
513
520
525
533
536
543
544
549
548
550
549
548
544
544
539
537
532
530
524
523
517
512
507
508
503
504
501
503
500
503
501
503
500
502
500
498
496
496
495
495
495
496
500
500
501
500
501
497
499
497
499
497
501
502
507
511
518
522
530
531
536
536
540
540
543
541
543
540
541
535
535
530
532
529
528
520
519
513
507
503
500
497
496
495
495
499
500
503
502
504
501
504
502
503
500
502
499
500
496
498
495
497
494
496
495
498
499
505
508
516
520
528
531
538
539
544
543
545
542
543
539
539
534
529
525
521
517
513
509
507
508
505
507
504
506
504
506
503
505
503
505
502
504
502
503
501
503
500
501
498
499
497
498
495
497
495
497
495
499
500
507
511
518
523
531
535
537
539
541
542
541
541
539
537
536
537
533
534
529
528
522
515
509
510
506
507
504
505
502
503
500
502
500
502
500
501
498
499
496
498
495
497
494
495
493
494
492
494
493
496
496
498
501
507
512
519
525
529
532
535
542
543
547
547
548
545
545
540
540
535
533
526
528
524
522
516
515
509
507
501
501
496
497
495
496
493
496
494
498
496
499
497
495
494
493
493
493
493
493
494
493
497
496
500
500
507
511
518
522
530
533
540
542
548
547
550
548
550
545
546
541
541
535
534
528
527
522
519
511
510
506
505
501
503
499
501
499
497
495
494
493
493
493
493
493
494
498
497
500
499
502
499
500
496
498
495
497
494
498
499
505
508
517
521
530
531
537
537
542
540
544
542
544
540
541
537
536
530
533
528
523
517
512
508
505
501
499
497
495
498
496
499
498
500
498
501
499
500
497
499
496
498
495
496
493
495
492
493
490
493
490
493
491
496
497
504
507
515
519
528
530
537
538
543
542
541
539
537
535
532
530
527
529
524
523
518
515
508
508
504
505
502
503
501
502
499
500
498
499
497
499
497
499
497
499
496
498
495
497
495
496
493
495
492
494
491
494
494
499
501
504
509
515
521
526
529
531
532
534
538
538
540
537
537
533
532
526
528
525
524
518
516
510
508
504
503
500
501
497
499
496
498
496
498
496
499
497
499
496
498
495
497
495
493
492
492
491
491
491
492
493
497
504
509
518
522
530
534
540
542
546
545
547
544
544
539
538
533
531
526
522
516
514
508
507
502
502
498
499
496
498
497
499
497
500
498
497
495
494
494
493
494
494
494
494
494
494
498
497
501
499
501
501
504
505
511
514
521
524
532
534
541
542
547
545
547
544
545
540
540
534
533
527
524
517
515
509
508
503
503
499
496
495
493
493
493
494
496
497
498
503
503
506
504
506
504
504
501
502
499
499
494
496
492
493
492
496
498
505
509
519
523
532
536
543
545
549
549
551
548
549
544
543
537
534
528
521
512
508
505
502
500
499
498
496
500
499
502
501
503
501
504
501
503
501
503
500
502
499
500
497
498
495
496
492
494
491
493
491
496
497
504
507
516
520
529
533
537
537
541
540
539
538
537
536
534
533
532
537
535
534
528
526
519
517
510
508
503
503
499
500
496
498
496
498
495
498
495
498
495
497
494
496
494
496
494
495
492
494
490
491
489
492
492
494
498
503
509
515
522
528
537
543
549
548
551
548
549
544
543
537
535
528
524
517
515
509
507
501
501
497
498
496
498
496
499
497
500
498
501
498
501
498
499
496
498
495
497
495
493
493
492
492
491
491
491
492
495
502
506
514
519
527
531
539
541
545
543
545
542
542
538
537
533
532
526
524
518
516
510
510
504
505
501
502
499
500
498
500
498
501
498
497
496
495
495
495
495
495
495
495
500
498
501
499
501
498
499
498
501
500
506
508
516
521
529
533
540
542
547
545
548
545
546
542
541
535
534
527
523
513
511
508
510
506
508
504
502
499
497
496
496
496
496
496
497
502
501
504
503
503
502
502
500
501
498
499
496
497
495
496
494
498
500
507
512
521
525
532
533
539
540
544
543
546
543
544
541
541
536
531
528
526
523
519
516
512
508
505
506
504
506
503
504
501
502
500
501
499
501
499
500
497
498
495
496
493
495
491
494
492
494
493
496
496
501
504
512
517
526
530
539
542
544
546
551
551
549
547
544
542
538
535
531
532
527
525
519
518
511
511
506
506
503
504
501
502
499
501
500
502
499
502
499
500
498
500
497
499
497
499
496
498
495
496
494
497
497
502
506
509
515
522
529
536
541
545
552
552
555
552
554
549
549
543
542
535
532
524
521
514
508
503
503
499
500
497
499
496
498
496
499
497
499
497
499
497
499
497
499
496
498
495
492
491
489
489
488
489
490
493
497
503
510
521
527
536
538
544
545
550
549
552
548
549
544
544
538
536
532
533
527
526
519
517
510
509
504
504
499
501
498
498
496
498
496
495
493
493
493
493
494
495
498
497
497
496
499
497
499
497
499
497
501
503
509
513
522
526
535
538
545
545
549
547
550
546
546
540
539
534
533
527
525
517
515
510
509
504
504
500
497
495
495
495
495
496
497
497
498
502
501
504
502
504
502
503
500
501
496
497
494
495
493
496
497
504
507
517
521
531
535
542
544
550
549
553
550
552
548
548
543
542
536
535
527
520
509
505
501
499
498
496
496
496
500
500
503
503
504
502
504
502
504
501
502
500
501
497
498
495
496
493
495
492
495
494
499
502
511
515
524
529
535
536
542
543
547
547
546
545
543
541
538
536
533
532
532
533
528
526
520
518
512
511
506
505
501
501
497
498
495
496
494
496
493
495
493
495
493
496
494
496
494
495
492
494
491
494
494
499
502
508
514
521
527
534
540
545
548
551
556
555
557
554
553
548
545
539
536
528
524
517
513
507
505
500
500
496
497
495
497
495
498
496
499
497
499
497
499
497
498
495
496
494
494
491
493
489
487
486
485
486
487
492
500
510
518
528
534
543
545
552
552
555
552
553
549
548
542
540
533
530
523
517
509
507
502
502
498
499
496
497
495
497
494
496
494
496
494
496
494
496
495
492
491
490
490
489
488
487
487
488
492
491
494
493
497
498
504
507
515
520
528
531
537
536
540
539
542
540
541
537
536
534
537
534
533
527
524
516
513
507
505
499
495
492
490
490
490
490
491
492
494
498
498
502
500
503
499
501
498
498
495
496
493
494
492
494
491
494
493
498
502
511
516
525
529
537
539
545
545
549
546
547
543
542
536
535
529
523
518
512
507
503
500
497
496
495
499
498
502
500
503
501
503
500
502
499
501
498
500
497
499
495
496
492
494
491
493
490
492
490
493
494
501
505
514
518
528
533
541
543
545
545
550
548
545
542
539
535
532
528
523
523
517
515
510
508
502
503
499
500
497
499
496
497
494
497
495
498
496
499
496
499
497
498
494
496
493
495
493
495
492
495
492
496
496
504
507
511
516
521
527
532
537
541
548
549
551
549
550
546
545
539
537
530
527
517
510
505
505
501
502
498
499
495
497
494
497
494
496
494
497
495
498
496
498
496
498
495
497
494
492
490
489
487
487
487
488
493
498
505
510
519
524
533
533
538
539
544
543
545
542
543
538
538
532
530
529
530
525
523
516
514
507
505
499
499
495
496
494
496
493
496
493
492
491
490
490
490
490
490
490
492
495
496
497
495
497
494
495
493
495
494
498
501
508
512
521
525
533
535
541
541
543
542
543
540
539
534
533
527
524
518
515
509
507
501
501
497
494
491
490
490
491
492
493
494
496
500
500
503
501
503
501
503
499
499
496
496
493
495
491
493
490
493
492
496
498
505
508
517
521
530
533
540
541
545
544
545
542
542
537
531
526
521
517
510
507
504
500
499
501
498
501
498
501
500
502
499
501
499
500
498
500
498
500
497
499
496
498
496
498
495
496
493
494
492
495
494
499
502
510
514
522
526
532
533
535
537
537
538
537
537
536
538
534
534
528
530
527
525
518
516
510
509
503
502
498
499
496
497
496
499
496
499
497
500
497
499
496
498
495
496
493
494
492
493
490
493
493
493
497
503
509
516
524
531
537
541
549
550
554
553
554
550
549
543
542
536
534
526
524
516
513
506
505
500
501
498
499
497
500
497
500
498
501
499
501
498
501
499
501
499
497
495
493
492
491
490
490
490
491
493
497
506
513
523
528
537
541
549
551
555
554
558
554
555
550
549
543
542
535
534
526
523
516
513
507
507
502
503
500
502
499
501
499
501
499
501
498
496
494
493
491
491
490
490
493
493
494
492
494
492
494
493
498
500
507
512
521
525
533
535
542
542
546
545
548
544
544
539
538
532
531
525
523
515
510
505
504
500
502
499
501
499
497
496
496
495
495
495
495
495
495
497
496
499
498
499
497
497
493
494
491
493
492
495
496
502
505
514
519
527
531
536
535
540
539
542
540
541
537
537
531
530
528
529
524
519
514
509
505
501
497
496
494
494
497
496
499
498
501
499
500
498
500
497
498
495
496
494
495
492
493
491
494
493
499
502
510
514
521
523
531
533
540
541
546
545
547
544
540
536
531
527
522
518
515
515
513
515
511
511
507
508
503
502
500
500
497
499
497
499
497
498
495
496
493
494
491
493
489
491
489
492
491
495
496
502
504
512
516
524
527
530
533
535
537
537
536
534
532
530
527
524
524
519
518
511
509
503
502
498
499
495
497
494
496
494
497
494
497
495
496
494
496
493
495
493
494
491
493
491
493
491
493
493
498
500
504
509
515
521
527
532
536
539
540
545
544
545
542
541
535
532
525
522
515
512
505
502
497
497
494
495
493
496
495
498
497
499
497
500
498
500
498
500
497
498
496
496
494
495
492
493
492
490
491
495
500
506
513
522
531
537
543
545
550
547
549
544
543
538
535
528
526
518
516
508
506
501
500
496
497
495
497
496
498
496
499
498
501
499
501
499
500
498
500
497
495
493
492
491
490
490
490
492
495
503
508
517
521
531
534
542
544
549
548
549
545
546
540
540
534
532
525
522
515
513
506
505
499
499
496
497
495
497
496
499
497
500
497
500
497
496
494
493
492
493
493
493
493
493
497
496
499
497
500
500
504
506
514
518
527
531
539
541
547
547
550
547
549
545
545
540
539
533
531
523
520
513
511
505
505
500
501
497
499
496
494
493
493
492
494
494
495
495
496
500
499
501
499
500
497
498
495
496
493
494
492
494
493
498
501
509
514
524
529
538
541
548
548
553
551
552
548
548
543
542
536
534
527
524
516
509
504
500
496
495
494
494
498
499
501
501
502
501
503
500
502
500
502
499
499
496
497
493
495
492
494
491
492
489
490
487
491
490
496
499
508
513
522
528
537
541
548
547
551
548
545
542
539
536
533
528
519
512
511
513
511
511
507
507
504
504
501
501
499
501
498
500
498
500
498
499
496
498
495
496
493
495
492
494
491
493
490
491
487
490
488
490
487
486
486
488
492
497
505
513
520
528
535
538
544
543
547
545
546
542
541
536
534
530
531
527
525
519
516
510
506
501
501
497
498
495
497
494
497
495
497
495
498
496
499
497
494
493
492
491
491
491
491
491
492
495
494
497
495
498
497
502
505
511
515
523
527
534
536
542
542
545
542
543
538
538
533
531
525
522
515
513
507
505
501
501
497
499
497
498
496
495
494
494
494
494
495
496
497
498
503
502
505
503
504
502
503
500
501
497
498
494
495
493
496
496
501
504
512
516
525
529
537
539
545
544
547
544
544
539
538
533
531
525
524
518
514
508
503
499
496
494
493
497
496
499
500
502
501
503
501
503
500
502
499
501
497
498
495
496
494
495
492
494
492
494
492
495
495
501
504
512
517
526
531
539
542
548
548
551
549
550
546
541
537
533
528
524
517
510
509
508
510
507
509
505
507
504
505
503
504
502
504
501
504
501
502
499
500
497
498
494
496
493
495
492
495
491
493
490
493
492
496
497
504
507
513
518
525
531
534
538
541
543
545
549
549
552
548
548
543
541
534
531
528
528
523
522
516
514
508
508
503
503
499
501
498
500
497
499
497
499
496
497
495
497
494
496
494
492
490
489
488
488
488
488
489
492
498
501
510
515
525
531
541
545
551
552
557
555
557
552
552
547
546
540
539
532
530
523
521
515
513
507
507
502
502
499
501
498
501
499
501
499
497
496
495
494
494
494
495
495
495
499
498
501
498
499
496
496
494
494
491
492
490
494
495
502
505
514
520
529
535
543
546
552
552
555
552
552
548
546
540
538
527
522
514
509
507
504
502
501
500
500
500
500
504
504
507
506
507
505
506
503
504
501
502
499
500
497
497
494
495
492
493
490
492
489
491
489
491
490
495
497
505
510
520
525
534
535
537
539
541
541
541
540
539
537
535
536
532
536
532
531
525
523
516
514
509
508
503
503
500
500
497
499
497
499
496
498
496
497
495
497
495
496
494
496
493
495
493
495
493
491
490
493
493
495
498
503
509
517
528
534
544
548
553
553
556
553
553
548
547
541
539
532
529
522
520
513
512
506
505
500
501
498
498
496
498
496
498
497
500
498
501
499
500
497
498
496
493
492
490
490
489
489
489
492
492
495
494
499
500
507
511
520
525
536
540
547
549
555
554
557
554
555
551
550
543
541
534
532
525
522
512
509
506
507
503
504
502
503
501
503
500
499
497
496
496
497
499
498
497
496
499
497
500
497
499
496
497
494
495
492
494
492
495
496
503
508
517
524
534
537
543
545
551
552
555
553
555
550
550
545
543
537
535
532
529
525
520
516
511
507
504
501
499
502
501
503
500
503
501
503
499
501
497
499
496
498
494
496
492
494
491
493
490
492
489
490
488
491
490
497
500
510
515
526
532
542
545
550
553
555
554
554
552
549
547
543
544
539
537
531
528
519
514
507
507
503
504
500
502
499
500
498
499
496
498
495
498
495
497
494
497
494
495
492
495
492
495
492
494
491
492
489
486
485
484
486
489
494
501
513
521
532
536
543
546
550
551
553
551
551
547
546
541
539
531
532
527
526
519
517
510
508
503
503
498
498
495
497
493
496
495
497
496
494
493
492
492
492
492
492
492
492
496
494
497
495
495
494
496
494
496
496
501
504
513
517
526
532
539
542
548
549
552
550
551
548
547
540
539
532
528
522
520
513
511
506
505
501
501
498
499
497
495
494
494
493
492
496
496
498
497
498
497
498
496
498
495
496
493
494
492
492
490
491
490
493
494
500
504
512
518
528
534
541
545
551
551
555
553
554
549
549
543
542
534
524
516
510
508
506
504
501
499
498
501
500
503
501
504
502
504
502
503
501
502
499
501
498
499
496
497
494
494
491
493
490
491
488
489
488
492
493
501
507
518
524
535
537
539
541
543
545
546
547
547
546
545
546
541
541
534
533
530
530
524
521
515
513
507
506
501
501
497
499
496
498
495
497
495
498
496
498
495
497
494
495
492
494
490
492
490
487
486
486
487
489
494
500
508
517
529
536
547
552
559
561
565
562
562
558
557
551
549
542
539
531
528
519
516
509
508
503
502
499
500
497
499
497
499
498
500
497
500
497
499
497
494
492
490
489
489
488
489
489
488
492
490
493
491
493
492
495
496
503
507
517
522
533
537
545
548
553
553
556
552
553
547
547
541
539
530
524
514
510
507
508
504
505
502
499
497
500
498
497
496
496
495
495
495
496
500
499
502
501
502
499
500
497
498
494
495
491
491
487
489
487
491
492
499
504
514
519
530
535
540
540
544
543
546
543
545
541
540
534
537
534
529
524
518
513
508
504
501
503
502
503
501
502
499
501
499
