Serial Number - 87
Age - 26
Medical Condition - Post Lunch
Time of Day - 4:18PM
BP - 112/62



497
498
498
497
497
495
496
494
492
492
491
490
490
492
492
496
495
495
495
495
496
497
498
499
499
0
497
498
498
497
497
495
496
494
492
492
491
490
490
492
492
496
495
495
495
495
496
497
498
499
499
0
496
471
452
445
439
441
441
444
448
453
459
467
473
478
482
487
494
495
499
498
501
498
500
496
498
494
497
493
495
494
494
491
491
489
488
488
491
490
493
495
503
508
517
525
531
531
540
541
547
549
550
552
551
552
552
551
551
549
549
551
548
548
543
542
536
532
526
524
526
530
528
520
511
508
502
499
496
504
506
514
510
514
511
513
510
511
506
504
502
499
496
497
494
490
488
487
486
484
485
484
485
487
490
489
493
493
495
493
494
492
494
492
494
491
492
490
492
489
491
488
491
489
492
490
491
489
491
489
491
488
492
489
492
491
493
490
489
489
489
493
495
504
511
514
516
523
528
535
538
545
546
549
549
550
547
547
543
543
540
540
536
535
531
530
524
524
518
517
513
514
512
518
518
522
520
522
519
520
516
512
509
507
506
504
503
500
501
500
503
500
499
497
499
496
496
495
495
491
493
491
492
489
491
489
491
488
491
490
492
491
494
492
495
492
495
492
494
491
493
490
492
490
492
491
490
490
489
490
491
494
497
501
508
518
525
535
540
548
545
547
542
544
542
542
542
543
539
538
535
535
530
533
527
529
523
524
517
517
513
514
511
519
520
525
523
525
521
521
517
514
510
508
506
504
503
500
502
500
499
496
496
494
494
491
493
491
492
491
492
492
491
489
492
490
492
491
493
491
494
493
496
495
493
493
494
494
495
493
493
491
493
491
490
489
489
490
490
490
491
495
495
497
497
500
499
505
508
512
515
525
530
539
541
548
550
554
553
555
553
553
547
546
541
541
536
534
528
529
523
523
519
517
503
496
501
501
502
504
506
509
508
509
512
513
515
515
516
513
514
510
509
505
505
502
501
498
499
496
497
494
495
492
494
490
491
487
490
488
492
489
494
491
494
493
496
493
496
495
493
492
491
492
491
491
491
496
495
498
496
500
499
503
504
516
515
525
524
528
529
534
535
539
540
543
541
544
540
541
537
537
533
532
528
528
523
523
518
518
514
515
515
519
521
522
521
521
519
517
517
516
513
513
513
510
509
506
506
502
503
499
502
498
498
496
500
495
497
492
495
493
494
492
495
492
494
492
496
494
497
495
497
494
496
493
495
494
493
495
498
504
511
515
515
521
526
536
539
548
550
556
556
557
555
555
550
549
544
542
536
537
531
530
523
521
517
516
511
520
522
525
520
525
517
516
512
513
509
509
506
504
502
500
499
498
499
498
498
499
502
500
502
500
502
498
500
497
496
494
496
493
494
493
494
492
494
491
493
493
494
492
495
493
498
496
500
504
514
520
526
524
532
533
537
540
548
548
551
553
553
553
553
555
552
554
550
550
544
542
536
534
528
527
522
522
522
529
529
529
518
521
518
519
515
515
509
512
508
509
504
506
501
503
500
498
496
496
494
493
492
493
490
493
497
495
500
499
501
496
498
495
497
496
500
497
499
497
499
497
498
496
497
495
497
497
503
506
515
522
532
539
550
556
563
565
570
568
569
566
560
558
554
550
545
545
540
529
521
519
513
515
514
521
526
530
530
532
527
529
526
524
520
517
514
514
510
509
504
505
501
502
498
499
496
496
494
496
492
495
492
493
491
490
489
489
489
490
491
491
492
493
494
495
498
497
499
496
497
495
497
497
504
507
514
522
530
532
536
541
551
554
561
562
564
566
567
562
563
559
558
553
553
548
546
539
537
530
523
518
514
512
516
520
522
523
522
525
522
520
517
516
510
510
503
503
497
497
494
494
491
493
492
491
487
492
490
492
490
493
492
492
492
491
489
490
488
492
487
489
485
488
486
484
483
483
482
482
482
482
487
485
487
487
489
487
490
488
490
489
490
488
487
487
490
490
494
497
506
513
519
524
534
541
552
560
568
570
577
574
578
576
577
571
573
566
563
558
555
548
545
541
536
534
528
526
522
520
516
515
512
519
521
524
522
522
518
517
512
511
505
503
498
497
494
492
489
491
488
488
486
489
486
489
487
489
484
490
486
492
490
489
485
488
486
487
490
486
486
487
490
490
491
489
492
490
492
489
489
488
489
487
488
487
488
486
488
486
490
490
496
501
510
514
520
523
533
538
547
551
557
558
563
560
558
556
554
552
549
548
545
544
539
538
533
533
526
526
519
519
515
515
511
519
521
522
519
521
517
517
512
510
506
505
501
501
496
496
492
492
489
490
487
489
487
488
485
484
483
483
484
484
485
484
485
486
489
490
493
490
492
490
492
490
491
492
489
488
490
485
491
486
490
485
487
485
488
490
496
499
508
513
524
531
543
550
559
561
567
568
566
565
563
560
551
543
538
535
533
535
531
532
527
528
523
521
518
518
513
514
510
519
522
526
524
526
519
523
517
519
510
512
504
502
499
495
495
491
488
489
486
487
484
482
481
481
480
482
482
483
485
485
486
486
490
489
491
488
491
488
490
486
487
484
487
484
486
484
486
485
484
484
487
486
489
488
492
488
491
486
490
487
493
495
500
503
511
518
530
535
547
553
558
562
563
563
562
563
559
559
554
552
547
546
540
540
532
522
511
507
501
500
498
500
499
504
505
506
507
510
509
511
509
510
508
509
506
505
502
498
504
507
509
512
509
508
505
503
506
504
505
501
503
500
496
492
493
490
492
489
491
488
490
487
488
486
488
486
489
486
489
488
491
489
492
489
491
490
492
491
493
491
496
495
498
503
510
514
516
521
527
534
539
550
551
557
555
557
553
553
548
552
542
541
536
535
529
527
521
521
516
516
511
520
522
522
520
522
519
521
517
517
513
514
509
509
505
501
498
496
495
494
492
491
491
490
491
490
495
492
494
492
493
490
494
490
492
491
494
489
491
489
490
489
488
488
493
485
492
488
489
487
489
488
490
488
491
489
492
491
489
490
492
496
501
508
516
524
534
548
555
560
558
558
556
559
556
557
555
555
551
552
546
547
541
540
535
534
528
527
521
522
518
519
512
518
512
514
510
521
526
529
524
527
523
518
513
509
505
502
499
498
499
495
496
493
494
493
493
491
492
491
493
491
493
491
492
491
494
491
493
491
494
491
493
493
493
492
494
488
492
491
492
488
491
490
490
492
494
491
488
488
486
484
487
488
492
497
504
514
515
522
528
537
542
551
553
561
562
565
563
565
561
560
555
554
550
547
541
540
534
533
527
526
521
522
518
518
513
515
512
516
512
516
523
526
528
521
521
518
516
512
514
508
509
504
505
503
502
496
497
493
495
492
494
492
493
492
494
491
492
491
493
491
494
491
493
491
494
491
494
492
494
493
496
492
491
490
488
487
488
490
493
499
507
516
525
538
545
556
562
570
572
576
575
576
571
571
568
564
561
557
553
551
547
545
539
537
528
518
509
512
512
515
514
517
514
518
516
517
515
512
511
509
506
504
502
501
500
499
501
497
500
497
497
493
496
492
493
489
494
488
487
487
490
487
489
486
490
488
490
488
491
489
490
490
493
490
492
490
492
489
491
488
485
484
483
483
483
484
485
486
486
491
490
494
492
497
497
503
507
512
514
528
537
549
557
567
572
579
578
580
576
577
571
572
557
549
540
537
531
532
528
529
525
526
521
519
517
515
514
515
515
515
515
516
518
516
518
515
515
512
511
507
507
503
503
499
500
498
505
507
510
507
507
505
504
498
499
492
495
490
489
486
489
487
486
486
488
487
486
486
485
486
487
487
487
487
489
492
490
494
492
492
490
492
489
492
489
492
489
491
488
491
491
496
498
506
510
515
516
525
530
540
545
556
558
562
562
565
561
562
559
554
550
549
546
541
539
535
531
530
521
521
520
518
519
517
518
515
516
513
515
512
513
514
522
522
522
518
518
512
512
506
506
502
501
496
497
493
494
490
491
489
489
486
485
484
486
486
486
484
486
487
489
489
487
494
492
496
491
496
494
494
491
492
490
491
488
489
488
489
487
489
487
491
490
496
498
509
515
526
534
546
553
562
567
573
574
575
573
573
569
565
562
558
555
553
550
547
547
540
528
520
516
510
518
519
523
523
524
523
521
515
519
517
515
511
512
509
504
500
502
498
498
494
495
491
493
490
491
490
492
488
490
487
485
484
484
485
486
487
487
491
492
494
492
494
492
494
491
492
490
489
487
488
486
490
488
490
486
490
486
488
487
488
487
488
487
491
487
490
489
493
492
499
502
512
514
521
525
531
538
544
550
556
560
563
564
565
567
565
567
562
561
557
554
548
545
538
535
529
527
522
521
517
514
512
513
514
522
524
526
523
525
520
521
514
513
507
506
501
501
496
493
494
490
487
487
486
487
489
488
491
490
493
491
493
491
492
490
491
489
491
489
491
489
492
491
493
491
493
490
492
489
492
488
490
488
489
486
490
485
489
486
491
487
488
487
488
490
494
497
506
514
523
537
543
557
560
571
571
571
561
558
551
549
543
542
538
539
534
534
530
532
528
528
524
524
521
522
518
518
515
518
514
515
514
516
512
514
514
519
520
521
519
517
514
511
513
506
508
503
501
495
497
492
498
490
492
487
492
488
489
487
489
488
491
489
492
490
492
489
492
490
492
491
493
491
493
489
492
490
493
493
495
499
506
514
517
522
530
538
545
556
560
566
567
569
567
567
564
562
558
557
552
550
542
540
535
534
529
521
517
516
518
512
514
522
524
527
525
527
522
522
517
516
510
508
503
499
496
493
491
490
489
488
490
489
491
489
490
489
489
485
489
486
488
485
487
485
488
487
489
487
489
487
489
488
490
487
489
487
490
488
488
484
487
485
486
485
488
489
495
498
505
514
515
522
530
542
552
562
568
575
576
580
578
580
576
576
571
570
565
563
557
555
547
544
537
532
525
523
516
517
514
515
512
514
509
521
525
529
527
526
524
521
512
512
505
500
502
494
497
494
491
489
491
489
491
490
492
489
492
490
491
490
492
489
491
489
491
489
490
487
488
486
488
485
490
486
490
488
490
488
489
486
488
485
489
487
486
486
485
486
491
495
501
512
517
524
532
544
553
561
566
574
578
581
578
578
574
573
569
567
562
561
554
552
545
543
536
535
528
527
521
520
517
518
515
517
513
517
512
515
519
523
522
523
519
518
515
513
513
507
507
502
503
496
497
490
495
488
491
490
489
490
492
488
493
489
490
487
489
486
489
486
489
486
489
486
488
485
488
485
486
484
487
483
483
483
487
494
503
512
519
524
535
549
557
569
576
584
589
591
588
589
583
580
575
574
567
565
557
554
544
539
532
530
522
520
515
515
512
513
511
520
522
527
526
526
521
516
511
505
501
496
493
491
489
487
489
486
488
485
484
482
484
482
483
481
484
482
484
482
485
484
485
486
485
482
486
483
486
482
486
483
485
481
487
480
484
481
484
481
480
479
482
481
480
479
480
481
484
490
494
504
514
519
523
535
544
557
565
575
580
585
585
588
585
584
579
578
573
572
564
562
557
553
543
542
534
531
525
522
515
515
511
519
522
528
522
521
518
514
512
507
507
502
503
499
498
494
495
490
491
488
488
485
485
482
483
481
481
480
482
481
483
482
484
482
484
482
484
481
484
482
484
482
486
484
486
483
486
482
480
478
480
480
480
480
481
485
485
486
483
489
484
485
484
485
486
490
495
504
512
519
523
533
541
552
558
567
570
575
575
577
573
574
569
568
562
560
554
551
543
541
533
527
521
517
514
511
518
522
529
528
530
526
529
523
522
516
517
511
511
503
502
496
498
493
495
490
493
489
491
486
487
484
486
484
486
484
486
484
485
484
486
483
486
483
481
481
480
480
479
479
479
482
484
485
484
487
485
486
486
487
484
485
484
488
483
487
483
485
483
485
487
493
497
507
515
526
528
538
544
555
559
570
573
579
578
580
576
576
571
565
559
556
552
548
544
540
534
531
529
524
523
519
519
514
514
516
522
521
525
522
522
518
517
511
510
502
503
496
494
491
494
486
487
485
488
483
485
481
483
480
484
481
479
479
480
480
480
480
480
481
481
486
484
487
487
490
489
490
489
490
486
487
484
484
482
484
482
482
480
482
480
485
482
488
490
498
505
514
515
525
532
543
551
561
567
574
575
574
572
570
567
563
560
557
557
551
550
543
541
533
529
522
521
515
514
512
520
522
525
523
524
519
520
515
515
510
510
505
505
499
498
495
494
491
490
487
488
485
483
481
480
480
479
479
477
478
479
481
485
489
488
489
488
490
488
490
488
491
489
492
489
491
488
490
487
488
486
487
485
488
487
492
495
506
512
525
534
547
554
565
570
573
575
575
573
570
562
553
545
540
535
534
532
528
527
522
523
519
519
519
519
516
516
511
521
525
529
528
529
525
524
519
519
511
510
502
501
495
493
487
487
484
485
482
485
481
484
482
481
482
482
483
485
487
485
490
489
492
489
493
491
491
491
492
489
491
489
489
485
489
490
495
503
513
511
527
541
556
566
577
583
590
589
591
587
578
567
562
553
548
542
538
535
532
528
526
524
522
524
522
522
518
518
517
518
515
517
513
514
511
510
506
506
501
501
502
508
508
509
506
507
499
501
493
490
487
489
484
487
481
480
479
480
478
477
476
477
476
477
478
478
484
484
486
485
486
484
487
486
489
490
496
501
514
515
524
531
543
552
563
570
579
582
585
583
585
581
580
574
572
567
564
557
554
545
542
530
522
518
515
512
518
516
520
521
522
524
520
520
516
515
511
510
504
503
497
496
490
491
486
486
483
485
482
484
482
482
481
481
480
482
480
485
484
486
485
487
485
487
484
486
483
481
481
479
481
483
488
489
498
503
511
527
540
552
567
571
586
589
595
594
594
591
588
581
578
571
568
557
546
532
526
517
513
506
506
502
502
501
503
502
504
504
507
505
504
503
502
502
501
501
500
497
497
498
495
495
496
503
504
507
502
503
496
497
490
493
488
490
485
484
481
481
479
480
477
479
478
480
478
483
485
493
499
512
523
537
550
557
562
568
574
580
582
583
584
583
584
579
578
573
572
564
560
553
547
539
534
526
521
514
512
512
522
523
522
523
521
515
516
512
511
503
505
497
496
490
490
486
485
481
478
476
476
474
475
476
476
476
477
481
479
482
480
482
479
480
477
480
478
481
477
480
477
480
478
478
477
478
475
478
476
479
479
486
491
502
513
522
531
544
555
574
586
596
601
608
608
607
605
602
597
593
589
585
584
576
574
563
557
548
541
531
527
520
517
512
517
519
524
522
522
518
518
511
510
503
503
497
492
489
489
484
484
480
479
477
477
476
472
474
473
472
471
473
475
475
477
481
480
483
483
484
481
483
480
482
478
480
477
479
477
479
475
477
475
477
475
478
477
480
478
482
481
485
486
493
500
513
517
529
541
559
571
585
593
599
603
605
606
603
599
598
591
587
583
575
570
564
556
547
542
531
525
518
516
513
521
521
525
523
525
521
521
515
515
509
507
501
500
494
494
488
488
484
483
480
481
477
475
474
474
472
474
474
476
479
478
482
480
483
481
485
481
482
479
486
480
483
478
479
480
479
476
479
476
480
480
487
492
505
515
532
545
563
576
590
599
607
608
609
606
605
597
590
583
577
571
563
558
552
545
529
520
511
505
498
499
495
503
510
513
513
517
515
517
510
513
508
505
500
500
494
494
489
486
481
484
478
479
474
475
472
473
471
473
471
469
469
468
468
469
470
471
472
472
476
474
477
476
478
477
479
477
479
478
481
477
480
476
478
475
479
481
489
498
511
521
530
539
558
566
585
592
602
604
610
605
607
598
596
588
582
576
570
564
558
551
544
540
533
529
522
519
512
511
514
520
519
520
517
518
514
513
506
503
497
495
491
489
484
483
478
479
475
477
473
476
473
476
476
477
475
478
476
474
474
473
474
476
474
475
474
475
478
479
480
479
480
478
480
477
480
478
480
478
480
478
480
477
479
476
479
478
483
485
496
508
520
526
540
553
565
575
587
593
601
602
604
601
593
589
584
578
572
566
562
562
553
546
539
534
526
525
517
516
512
519
522
525
524
525
521
520
515
512
507
505
499
497
490
490
485
485
481
481
479
479
477
479
476
478
477
476
476
476
478
478
480
480
484
483
484
482
484
482
483
481
481
480
481
480
480
478
480
477
479
476
480
479
485
489
499
510
520
526
540
551
565
575
586
591
597
596
597
593
588
584
578
573
568
562
556
553
544
537
530
524
516
516
512
517
521
524
522
525
520
518
513
512
506
506
498
497
491
491
486
486
482
482
478
480
476
478
475
477
475
476
474
476
473
471
470
471
471
472
472
474
475
476
479
478
481
478
481
478
479
477
479
477
477
477
478
476
477
475
478
477
478
475
480
477
479
474
483
482
482
486
499
508
518
524
538
549
561
572
582
590
595
599
599
598
595
594
588
586
579
576
568
562
553
547
538
534
525
522
516
514
514
520
521
523
519
522
517
516
510
510
504
503
497
496
490
489
484
487
481
484
477
476
477
473
472
471
472
471
472
473
477
477
481
479
481
480
482
480
481
479
480
479
481
479
482
478
480
479
481
480
481
478
479
479
480
479
481
480
482
479
481
479
483
484
484
489
504
513
522
532
539
548
563
573
579
585
586
586
583
582
577
574
567
564
557
553
545
540
532
528
522
521
516
516
511
519
522
526
526
527
523
523
519
517
511
510
505
503
497
496
491
487
484
480
476
477
475
475
479
483
481
481
480
482
483
479
481
485
482
484
485
483
485
482
484
481
483
480
482
480
481
479
480
478
480
477
481
480
483
481
487
489
496
502
509
515
522
531
542
553
563
577
583
589
589
589
585
583
578
574
568
565
556
553
542
539
530
525
518
517
515
518
519
525
523
525
522
522
517
517
512
511
507
506
500
500
495
491
488
485
483
481
480
479
483
482
482
481
483
480
483
481
483
481
483
480
483
481
483
481
484
482
484
481
482
478
480
478
482
481
485
482
485
479
483
480
483
480
484
484
489
494
501
511
518
525
538
550
561
571
581
591
593
597
595
594
588
584
577
573
564
561
553
548
541
538
530
528
520
519
514
514
512
513
513
521
525
527
522
525
518
517
511
509
505
500
494
492
486
483
481
480
479
479
481
480
482
480
483
482
483
482
483
481
483
480
482
481
481
481
481
479
482
480
483
480
481
480
483
479
481
478
482
482
483
480
484
480
484
483
484
490
496
508
515
521
530
541
556
569
576
587
589
592
590
590
585
583
584
583
572
565
555
547
538
534
525
521
514
512
514
520
521
524
521
523
521
522
518
518
512
514
507
502
499
493
490
483
508
530
516
500
491
481
476
493
513
505
492
477
471
465
464
461
465
464
469
470
475
475
479
496
526
518
506
490
485
477
475
470
472
470
475
477
487
495
512
518
529
538
550
561
572
578
602
626
624
613
593
580
567
573
584
586
562
548
532
521
512
515
514
515
513
515
513
514
511
525
551
542
525
515
504
499
491
488
483
483
479
480
478
481
481
484
482
480
479
478
478
478
495
517
517
502
493
481
480
481
501
511
494
479
473
465
463
458
458
460
466
473
483
494
511
530
562
576
576
575
580
580
584
583
585
582
582
577
576
571
565
561
556
551
546
540
533
531
532
554
566
552
535
519
509
508
525
536
519
508
494
488
480
479
475
471
472
474
469
475
472
483
500
515
501
497
481
477
470
468
465
461
460
460
461
462
464
466
469
472
477
477
482
483
489
492
504
517
532
544
557
564
576
583
591
594
597
596
596
592
588
582
579
572
569
561
559
552
547
544
544
540
532
529
522
518
514
514
508
506
504
503
502
504
500
502
498
498
493
493
488
487
484
484
480
480
477
478
474
476
473
474
474
476
473
477
475
478
475
479
478
479
478
479
477
484
486
494
502
516
530