Serial Number - 9
Age - 26
Medical Condition - Post Lunch
Time of Day - 2:31 PM
BP - 113/76


0
9520
524
528
532
536
4
495
497
497
496
497
500
497
499
502
501
501
501
502
503
508
509
512
514
517
517
520
524
528
532
536
4
495
497
497
496
497
500
497
499
502
501
501
501
502
503
508
509
512
514
517
517
520
524
528
532
536
540
0
522
495
477
463
456
453
452
454
457
463
469
471
478
483
488
489
494
497
499
499
500
501
500
504
502
505
504
507
507
512
517
521
529
533
534
539
541
547
549
555
558
560
561
560
558
554
551
544
543
537
532
527
522
518
516
512
511
508
508
510
511
509
506
508
506
504
503
502
499
497
498
495
493
493
492
492
491
493
491
491
493
493
494
494
495
498
498
499
498
499
500
500
505
507
509
518
524
532
537
544
551
555
560
563
566
567
570
568
566
562
558
553
546
543
535
528
523
517
517
516
513
511
510
509
508
506
506
507
504
503
501
501
501
497
497
497
494
494
490
492
490
491
493
494
492
493
490
491
492
494
493
494
495
496
498
497
497
499
501
505
511
518
527
535
545
549
555
560
567
570
571
568
565
563
559
555
552
548
544
538
533
526
524
520
514
513
509
511
513
512
511
509
506
508
508
504
503
502
498
497
496
492
493
494
493
491
490
493
491
491
491
491
492
491
490
489
490
489
491
491
493
495
498
503
509
522
531
538
547
553
559
564
568
570
568
566
563
560
550
545
538
535
529
523
519
515
513
514
512
512
511
510
510
509
506
506
501
503
498
499
498
498
498
498
497
493
491
492
492
491
491
491
489
488
488
486
487
487
489
489
490
492
494
495
497
500
504
514
523
532
539
549
555
561
566
565
564
563
564
561
558
554
552
550
546
542
538
531
527
520
515
510
511
511
510
509
509
508
505
504
503
500
499
496
496
496
496
494
493
492
488
491
486
487
486
488
488
488
492
491
490
490
489
488
487
490
491
493
494
495
496
500
505
513
518
527
536
543
547
557
562
568
574
574
575
574
574
570
565
560
556
549
544
534
529
522
515
511
511
508
505
508
507
503
504
499
498
496
494
493
493
493
491
490
490
488
488
487
486
487
487
489
488
487
487
490
489
490
490
489
492
489
491
491
491
492
492
494
493
494
495
496
497
500
505
511
519
525
532
539
544
552
558
563
568
570
573
571
571
569
566
562
554
547
539
531
524
518
513
512
512
510
508
507
504
503
501
497
498
496
500
496
495
493
496
496
494
492
490
489
491
489
488
487
489
490
491
489
489
491
492
491
491
490
492
491
490
489
488
492
492
496
498
503
511
514
521
528
532
539
544
548
552
554
554
556
553
551
548
545
543
538
534
530
526
522
519
515
513
513
519
521
520
519
518
514
512
509
504
500
496
493
491
488
493
492
492
494
493
496
494
496
495
495
496
494
492
492
493
492
491
493
495
498
507
513
517
524
532
540
544
547
549
554
554
556
554
553
552
551
546
539
533
526
518
515
509
504
501
501
499
496
495
496
495
496
493
493
493
491
490
488
486
488
487
487
485
481
479
480
477
478
479
477
480
482
485
486
492
496
501
512
521
528
538
546
553
557
565
570
574
576
576
576
574
571
567
560
549
541
535
525
518
511
511
511
507
507
505
504
501
501
500
499
499
496
495
494
492
492
491
493
492
493
491
492
494
493
493
491
489
489
492
493
490
489
489
489
490
493
498
507
514
524
531
540
546
554
563
566
573
577
577
578
576
573
567
565
559
550
538
527
521
513
509
507
504
502
500
501
497
493
493
492
492
491
492
490
489
492
491
490
490
492
489
488
491
489
489
488
487
488
486
487
488
487
486
487
485
485
484
484
485
486
490
493
500
508
517
526
537
547
556
563
568
574
575
574
571
569
566
563
559
553
547
544
539
535
524
522
513
510
510
507
507
505
505
505
502
499
497
498
497
497
495
496
496
492
493
488
488
488
488
487
486
484
484
484
486
486
487
488
488
490
488
487
487
490
488
490
488
488
487
487
488
487
492
494
497
500
509
517
522
529
537
544
548
557
562
564
569
570
571
568
567
562
560
556
548
542
535
525
519
515
510
508
507
505
503
501
499
500
497
497
493
492
490
490
487
486
487
487
487
490
490
491
491
491
491
489
490
488
488
486
488
490
492
492
491
490
489
487
487
484
486
487
490
489
489
489
493
493
496
502
509
516
521
526
533
538
545
551
555
560
560
561
561
556
553
550
548
544
539
531
523
519
511
511
509
505
504
502
502
497
496
496
496
497
493
495
493
493
494
491
492
490
490
489
490
491
492
491
490
491
492
488
490
491
491
491
493
493
494
496
495
494
495
493
496
498
503
510
515
521
526
533
537
543
547
550
552
553
550
551
548
544
541
536
532
526
521
515
509
509
508
507
506
505
504
505
501
500
498
494
498
497
497
498
497
496
494
495
493
493
493
494
493
492
492
492
491
492
489
491
489
491
493
491
494
495
499
503
507
514
515
523
528
535
538
545
549
552
552
550
549
546
544
541
537
533
527
524
517
513
512
510
510
509
508
508
506
506
505
504
504
503
502
500
499
498
497
500
495
496
496
497
495
493
494
493
492
493
492
494
495
499
498
503
509
515
522
527
534
540
548
552
555
559
562
563
563
563
561
558
556
548
542
536
531
526
520
514
510
509
509
507
507
504
502
504
501
499
499
499
498
497
495
496
494
495
493
491
487
490
491
490
490
490
494
498
503
508
516
527
535
539
546
551
562
564
571
569
574
574
574
571
569
563
560
557
552
544
540
531
525
519
513
509
508
508
506
506
503
502
500
498
498
495
494
494
494
494
491
492
491
492
492
490
490
488
486
488
489
492
495
497
505
512
521
527
535
545
556
562
568
573
577
580
581
582
578
577
576
571
566
559
550
546
537
530
523
516
509
506
506
508
504
506
506
506
502
500
498
496
493
492
490
489
489
484
484
483
482
483
481
479
478
479
480
479
481
482
489
496
503
513
523
534
543
555
565
572
579
585
589
592
589
588
587
584
581
577
571
564
557
547
537
531
522
517
510
510
510
509
507
506
502
502
500
500
499
497
497
495
493
492
493
492
487
486
485
483
483
484
481
482
483
482
480
479
481
483
488
494
499
511
519
528
538
547
559
569
576
580
582
585
586
586
585
581
576
576
569
561
553
547
540
533
527
517
509
509
507
503
503
500
501
500
499
497
496
494
493
491
490
487
487
489
486
484
482
483
482
480
479
479
479
479
478
475
477
478
479
482
486
492
500
511
520
529
539
549
559
566
574
579
583
585
584
584
581
579
576
569
563
556
548
542
535
526
519
513
508
504
504
503
500
496
495
494
493
491
489
490
489
489
487
484
481
481
481
480
480
480
480
480
477
476
476
479
478
483
487
493
500
515
522
529
537
550
559
564
569
572
573
575
575
572
569
569
562
554
548
538
533
525
519
511
510
507
503
502
498
494
493
495
494
489
490
488
490
486
486
485
482
483
481
482
481
480
481
480
479
478
476
477
478
480
482
485
491
499
510
518
526
536
545
554
560
568
574
574
575
575
573
569
567
562
556
551
542
534
526
520
515
510
507
503
500
499
499
497
493
493
493
492
491
488
487
485
484
483
482
485
484
483
481
479
480
479
479
478
479
479
479
477
477
478
479
480
484
489
497
507
517
524
534
541
552
561
566
568
572
576
577
577
576
572
568
564
557
549
539
531
525
516
513
509
506
503
499
497
495
492
492
492
491
490
490
489
488
485
484
486
485
482
479
482
481
480
482
478
479
478
479
479
477
478
478
481
481
479
482
482
487
491
498
505
517
523
532
540
547
555
559
564
566
568
570
567
564
561
556
551
546
540
533
526
518
511
509
506
505
504
500
498
496
494
493
492
491
489
491
490
489
486
485
486
484
483
483
482
482
484
482
478
479
481
484
482
481
482
483
482
482
481
483
484
487
489
493
501
508
516
522
529
539
544
553
558
561
564
564
565
562
560
555
552
548
542
536
529
519
515
510
507
506
505
501
501
497
496
495
493
493
489
490
485
486
486
486
487
486
483
484
482
482
482
482
483
482
484
484
481
483
485
485
486
484
485
486
487
488
490
494
503
512
518
524
531
537
543
550
554
558
562
561
559
558
553
552
548
545
540
534
527
521
516
513
508
508
510
508
505
504
501
501
499
498
497
496
496
495
494
491
490
489
489
488
488
485
486
487
486
486
484
485
486
487
487
487
488
493
497
504
512
520
527
537
542
547
553
555
557
561
560
560
558
552
549
545
539
534
528
522
516
510
511
505
502
502
499
498
494
493
492
491
492
492
493
493
492
489
488
488
485
485
484
483
483
483
480
479
479
480
480
481
480
484
484
492
496
506
514
523
534
541
547
552
558
563
568
570
569
568
568
565
559
554
549
544
537
528
523
515
511
508
508
503
501
503
500
498
497
497
494
494
492
490
491
490
489
488
488
487
488
486
484
486
485
486
485
483
482
483
483
484
488
494
502
513
521
533
543
557
564
569
573
575
577
576
573
573
569
566
562
557
553
546
538
534
528
521
516
512
507
501
501
502
505
505
504
504
502
500
499
496
496
495
493
490
486
485
485
486
484
483
481
481
483
482
479
479
479
481
481
483
485
491
497
506
514
524
535
546
557
563
570
573
578
581
580
581
577
576
574
566
560
555
545
535
530
519
515
510
508
506
501
502
498
498
497
495
494
493
492
493
491
489
486
486
487
484
483
481
483
481
480
481
481
477
477
477
476
477
477
478
481
484
488
495
506
517
524
531
541
549
557
564
568
573
575
578
577
574
572
567
563
557
550
544
537
529
518
513
505
504
503
502
498
495
495
493
492
490
486
486
488
490
486
485
485
484
483
484
484
483
485
483
482
481
480
482
481
481
479
479
481
485
490
495
504
515
523
532
543
551
558
562
567
568
572
572
573
571
568
562
558
551
544
535
528
521
513
509
507
505
502
500
498
497
497
495
499
495
495
493
493
491
490
490
486
487
485
482
483
481
480
480
477
478
476
478
477
480
481
485
491
498
509
519
524
536
543
551
554
560
564
567
566
568
567
563
556
551
545
539
533
528
519
512
510
508
503
500
499
498
498
495
496
493
493
493
491
488
488
490
490
488
486
485
484
483
482
481
481
481
481
478
477
477
479
480
481
490
496
505
516
524
535
542
550
560
567
575
574
577
576
574
572
567
563
559
553
545
537
528
520
513
508
507
504
500
500
496
494
494
493
491
490
490
488
488
488
488
487
487
485
483
481
480
478
479
477
479
479
481
478
480
480
481
483
487
493
502
516
523
530
541
552
561
567
573
577
579
580
578
574
575
571
567
562
553
545
537
527
522
513
510
504
505
501
496
495
494
494
493
490
491
490
490
488
486
485
484
484
483
482
480
479
478
478
477
477
479
477
477
478
478
476
476
480
482
488
493
502
511
520
527
540
549
557
565
570
574
577
578
577
573
571
567
562
556
551
544
536
530
523
515
508
508
506
504
501
500
499
496
497
496
494
492
487
488
489
488
488
487
488
487
486
485
483
483
485
483
481
480
479
479
481
481
486
494
503
512
520
526
534
544
552
561
565
568
570
571
571
568
564
564
558
555
546
538
531
521
514
511
507
505
504
502
499
498
496
495
495
496
495
495
492
490
490
490
490
492
486
485
485
484
485
483
483
482
480
480
481
482
482
489
496
506
518
527
537
547
558
566
572
579
585
588
590
588
587
582
578
573
566
558
549
543
532
524
519
511
509
505
508
504
500
499
498
497
496
497
495
492
493
491
489
486
488
486
486
485
483
484
480
479
477
474
476
483
488
496
505
517
527
537
553
558
567
575
578
582
582
583
582
582
577
571
564
557
550
540
531
523
519
513
509
501
499
498
496
494
493
491
492
491
491
488
488
485
486
485
484
483
482
481
483
478
478
479
478
476
476
476
474
475
475
476
480
488
495
507
518
528
539
549
558
567
574
580
584
586
586
584
583
579
574
569
563
556
546
534
526
518
512
508
505
502
498
495
492
492
492
491
490
485
486
484
483
482
481
480
479
480
476
475
474
475
477
476
476
475
473
473
473
472
470
474
473
472
473
473
476
483
489
500
510
522
532
540
550
557
566
573
583
584
586
585
584
579
574
567
561
556
548
536
528
520
514
509
505
503
499
498
496
494
492
492
489
488
488
486
483
484
483
482
479
481
479
477
479
475
475
474
474
475
475
474
475
475
476
473
475
474
474
475
477
482
483
489
499
509
519
529
540
549
559
570
575
578
581
578
575
573
565
558
553
546
539
530
524
521
514
512
512
510
508
506
505
500
500
498
498
493
491
488
487
486
483
482
479
479
477
475
475
474
475
476
477
475
474
476
477
477
477
478
478
480
481
479
478
480
483
485
493
499
508
518
525
535
542
554
560
566
571
574
573
575
572
568
565
561
553
545
537
531
523
516
510
506
505
500
498
495
493
492
491
492
488
489
488
484
486
482
482
481
482
481
482
482
481
481
479
479
477
477
477
477
479
478
477
477
477
481
481
482
482
483
485
491
500
509
518
527
536
546
554
556
562
569
570
571
568
562
558
555
548
543
534
528
522
514
511
505
501
501
499
497
496
495
493
491
490
486
488
487
488
485
484
485
483
483
481
481
482
479
484
481
481
480
479
479
479
482
480
482
484
484
487
491
498
507
516
524
533
541
547
556
562
566
566
566
567
562
558
551
548
542
536
530
523
515
512
506
504
501
499
498
496
495
492
489
489
488
489
488
487
486
485
487
487
484
482
486
487
483
482
480
481
480
481
483
479
483
482
481
484
486
495
503
515
526
537
545
556
561
568
571
575
579
577
574
570
567
564
556
549
543
535
530
522
513
507
506
501
500
497
495
493
494
494
492
489
488
489
488
488
487
486
484
484
482
482
482
482
483
483
482
482
480
480
480
480
481
481
482
488
495
505
515
525
535
547
558
566
576
582
583
586
587
584
579
576
571
568
561
550
546
537
528
519
511
509
505
502
499
498
499
496
491
492
492
491
491
491
489
490
488
487
484
485
483
484
485
483
479
478
478
481
479
481
479
478
482
481
480
482
489
497
507
519
529
540
552
560
570
576
583
590
590
591
589
587
584
578
573
566
560
551
542
530
522
516
509
508
502
504
499
498
496
493
492
493
494
492
490
491
488
487
486
485
482
484
484
483
483
482
482
481
478
478
478
478
476
475
475
475
478
477
484
489
497
511
521
533
548
559
570
577
585
589
591
591
590
587
586
583
574
568
561
551
544
535
526
515
509
507
505
500
498
495
496
495
495
493
491
490
488
487
485
485
486
486
486
481
482
479
478
479
477
477
477
476
477
474
474
474
475
474
476
476
481
483
488
497
507
523
533
545
557
568
576
582
586
589
588
586
585
580
575
567
561
554
548
538
531
523
516
511
507
504
503
501
499
498
498
496
494
493
493
490
489
488
487
485
485
485
484
482
484
484
481
480
478
478
478
478
479
478
481
480
480
485
489
500
512
523
532
542
553
561
568
571
574
578
578
576
572
569
565
559
552
545
537
530
523
515
509
505
503
504
500
497
498
494
495
493
493
490
489
492
491
488
487
486
485
485
486
483
482
483
483
480
478
476
476
476
474
474
476
479
483
491
502
516
526
537
550
560
569
578
586
587
589
592
589
586
579
575
570
561
554
544
537
528
519
510
504
503
501
499
498
495
495
494
491
492
491
493
489
488
487
484
483
486
485
481
481
483
481
480
477
475
476
477
476
477
477
477
479
478
479
486
496
506
518
527
542
555
566
574
582
586
593
595
596
595
593
590
584
579
574
566
558
549
539
530
521
513
508
506
502
501
498
497
495
495
491
494
490
489
487
489
485
484
483
481
481
480
480
478
478
475
476
475
473
474
472
473
473
471
472
471
473
471
474
479
483
494
504
520
533
546
560
571
581
590
594
599
599
600
599
597
589
584
579
574
564
556
547
537
529
523
513
507
505
505
503
501
501
498
497
497
492
492
490
492
491
490
488
484
480
480
478
477
475
476
474
476
475
472
471
472
471
470
470
471
470
471
472
470
470
474
476
476
479
484
493
503
516
528
539
553
566
573
583
588
594
596
598
597
594
590
585
578
570
563
555
545
537
528
521
512
509
505
502
499
497
495
495
493
491
491
490
489
488
489
484
482
480
480
478
478
479
478
477
476
472
471
470
472
473
473
473
471
473
473
472
471
473
477
477
477
479
481
486
492
504
515
525
537
549
558
566
574
580
585
588
588
585
581
579
575
567
565
555
551
540
532
521
513
508
505
502
500
498
497
494
490
490
490
489
489
488
487
485
485
485
481
482
482
479
476
477
475
475
474
477
474
474
476
475
476
476
475
475
475
477
477
479
480
481
487
495
507
517
528
537
549
558
567
572
575
577
576
575
571
566
562
556
550
544
533
529
521
510
508
503
500
498
497
495
496
493
493
492
489
488
489
489
489
488
489
487
487
484
481
479
480
479
478
477
475
476
476
477
476
474
476
477
476
478
478
482
492
503
514
523
534
544
555
562
569
574
578
580
577
573
569
564
558
553
547
538
532
527
519
510
507
504
501
497
496
494
491
491
487
487
486
486
484
483
484
481
483
480
479
478
479
477
478
477
475
476
477
475
478
474
476
475
476
477
478
478
481
485
489
497
506
518
528
541
553
564
571
579
583
585
584
585
581
578
576
572
563
557
548
541
533
525
517
509
507
504
500
497
494
492
493
492
491
491
490
490
487
486
486
484
485
485
480
480
479
479
478
478
480
478
477
478
475
474
473
479
474
478
478
478
480
480
485
490
501
514
526
538
549
560
570
578
582
586
589
590
589
585
581
576
569
562
556
546
536
526
520
510
507
505
504
501
498
497
494
494
492
490
491
487
489
488
487
488
486
482
480
480
483
479
477
476
475
475
474
472
473
474
474
477
475
475
478
479
481
483
485
490
497
508
516
528
542
553
565
572
580
581
586
586
585
584
581
577
571
564
555
548
543
534
525
514
508
507
502
501
495
495
497
496
492
490
490
490
490
490
488
489
488
487
485
482
482
480
480
479
479
478
478
477
476
475
475
475
477
478
480
484
490
499
510
520
528
540
550
558
565
569
570
572
569
568
565
562
555
549
542
536
527
522
515
511
506
502
499
496
495
495
496
495
495
495
495
493
493
491
491
489
487
484
483
482
483
481
479
480
481
479
478
477
476
477
479
481
483
489
499
508
520
531
542
557
570
579
583
588
588
589
590
586
583
580
575
569
559
549
543
536
524
517
510
507
503
502
499
495
495
496
494
493
492
490
491
488
488
484
483
483
483
481
478
478
478
477
476
476
474
474
474
475
477
483
489
500
512
524
535
547
560
569
579
587
590
591
590
591
590
585
581
573
568
559
550
540
533
524
516
512
509
504
503
499
495
493
492
490
490
490
489
490
487
486
485
480
480
481
479
479
477
478
476
476
476
475
475
476
474
475
475
480
491
502
514
528
541
554
565
575
582
587
595
598
596
595
592
587
582
578
570
562
554
547
539
526
518
510
506
503
500
497
494
492
491
488
489
488
488
487
484
486
485
486
482
482
480
479
478
474
475
474
471
472
470
469
470
471
470
470
469
469
471
472
477
482
492
505
518
533
549
564
576
585
593
598
601
602
602
601
599
595
588
581
572
565
557
546
537
527
518
510
505
501
499
495
493
492
490
490
487
488
485
484
483
483
485
484
480
478
478
475
476
477
473
475
474
471
469
468
468
467
470
471
473
473
474
474
479
481
491
504
515
529
545
556
568
576
584
589
591
594
595
592
588
585
577
571
563
554
545
538
526
518
508
506
504
500
496
493
493
489
487
486
486
487
484
485
485
483
482
482
480
479
476
476
474
471
472
469
470
469
469
468
468
470
468
470
471
473
475
478
483
491
502
516
525
540
555
568
576
586
590
595
594
596
594
590
585
580
575
567
556
546
538
530
523
513
507
505
502
500
496
493
494
494
492
490
489
491
488
487
487
484
485
482
479
477
475
474
473
473
472
471
472
471
471
470
469
475
480
487
497
512
520
533
542
551
559
566
571
575
577
577
576
572
569
562
555
546
538
526
517
509
507
504
502
503
499
496
494
493
494
492
492
491
489
489
488
484
483
481
482
480
479
477
475
474
472
472
472
471
470
474
473
473
475
480






